145 68 171 91 27 24 5 144 133 97 240 239 65 182 
91 5 68 144 65 239 
55 68 227 21 85 86 153 190 178 168 97 99 239 182 
165 5 68 171 216 65 239 133 
68 195 86 189 62 91 219 144 152 233 211 207 190 145 27 24 5 125 233 211 91 144 240 239 120 65 
233 116 212 51 211 170 127 209 222 105 53 114 
165 116 231 198 216 233 62 117 212 219 152 211 202 148 102 51 127 154 114 53 120 20 
116 170 141 100 235 85 128 163 153 209 111 53 
116 212 180 62 219 114 43 53 
68 145 91 240 86 198 190 27 117 24 5 239 144 65 
27 68 171 62 219 24 5 226 154 245 65 239 133 20 
68 91 5 144 226 154 245 65 239 20 
116 86 212 165 190 62 216 233 219 211 53 114 
116 212 91 144 233 53 114 211 
116 62 198 219 91 144 117 212 114 53 
165 216 91 150 198 144 84 117 226 86 116 212 190 53 114 245 
68 171 62 219 195 86 27 189 204 186 190 24 5 62 219 65 239 133 
145 116 212 62 233 219 152 211 202 102 233 211 247 240 53 114 120 78 
116 212 233 62 219 195 211 247 180 43 180 43 53 114 189 78 
68 233 145 240 211 27 24 5 239 65 
86 55 62 198 219 117 152 69 202 190 120 179 62 54 6 219 87 193 62 134 198 117 97 182 93 219 152 48 97 120 182 62 93 102 233 48 97 219 87 172 182 193 62 56 211 219 195 189 103 99 
145 68 233 27 62 211 24 219 165 152 5 216 65 97 120 240 239 182 
55 62 219 152 120 195 189 62 219 152 120 62 219 195 97 99 189 182 
116 165 119 14 145 240 53 216 
195 5 178 168 97 189 182 65 
116 62 199 219 195 91 212 144 233 29 211 189 53 114 
5 18 195 179 226 97 182 65 52 189 172 245 
87 119 51 2 135 180 161 104 33 183 236 43 61 193 14 127 106 162 
247 62 145 116 212 219 152 78 240 120 114 53 
62 68 180 219 67 43 30 204 180 43 186 27 62 24 71 219 195 13 239 189 
116 212 226 114 53 245 
55 171 230 133 178 233 168 211 202 102 233 221 211 99 
152 179 55 120 62 219 195 178 168 172 97 182 99 189 
68 171 156 113 239 133 
5 68 91 239 144 226 18 97 65 245 52 182 
68 234 195 91 5 58 171 144 226 51 127 154 239 189 65 133 245 20 
135 106 
116 53 
55 204 99 186 
55 62 219 152 120 204 186 198 99 117 
18 86 190 230 52 221 
116 51 127 53 
152 116 212 247 56 78 103 51 127 154 120 53 114 20 
5 171 62 219 67 233 211 30 133 97 182 65 
71 67 233 211 13 30 
135 106 185 56 178 168 103 218 
55 208 243 233 178 211 168 107 26 62 219 99 
71 208 66 107 247 205 13 78 
116 233 211 51 170 127 154 209 53 20 
68 195 202 27 189 24 55 98 141 244 128 198 117 97 182 141 198 99 117 5 171 128 239 102 65 133 
55 98 141 244 128 198 117 97 182 198 99 117 
68 62 91 219 195 27 97 24 182 5 234 189 144 239 65 58 
68 5 91 195 171 144 202 65 189 102 239 133 
171 195 91 5 237 189 144 204 186 225 133 65 
116 212 210 62 123 231 219 148 114 53 
212 231 62 219 195 148 51 127 154 114 189 20 
152 5 65 71 171 120 204 56 133 226 13 97 182 178 186 245 103 168 
91 5 145 171 65 144 226 71 133 245 240 13 
62 219 152 247 51 127 154 20 120 78 
109 5 202 102 65 155 
202 102 
71 119 13 14 
5 226 245 65 
97 182 
5 65 
86 71 171 233 110 211 202 156 190 179 126 102 226 113 13 133 172 245 
55 171 179 133 178 168 233 211 172 99 
55 97 182 99 
91 5 144 65 
116 198 53 117 
230 221 56 103 
56 103 62 219 
5 198 117 65 
5 68 95 132 49 45 65 239 
116 121 112 204 180 186 51 43 62 219 127 53 
180 51 231 98 62 43 169 148 219 121 244 127 112 56 81 249 103 63 
230 121 221 56 51 112 152 103 127 154 120 20 
51 145 127 81 63 51 76 62 15 219 152 127 154 240 120 20 
62 116 219 212 53 114 
62 68 171 86 81 71 190 230 219 67 63 239 133 13 221 30 
68 171 95 62 219 121 71 112 239 133 132 13 
135 164 141 128 95 106 173 132 
116 86 198 180 195 43 189 204 190 117 154 212 186 114 53 20 
86 212 190 119 114 14 198 117 
62 116 212 51 127 219 114 198 117 97 182 198 117 212 53 114 
135 71 75 106 13 223 
116 212 53 114 
18 51 212 62 52 114 178 127 219 168 
71 75 223 104 236 10 13 79 
233 86 211 190 
68 171 161 75 133 86 33 62 51 198 183 190 219 117 87 193 62 127 219 67 232 27 24 71 30 239 223 162 214 13 
71 13 
18 212 52 114 
116 212 114 53 
212 114 
116 212 114 53 
116 248 212 145 213 51 202 127 232 214 138 102 16 240 114 53 
116 233 230 212 51 211 247 127 138 248 114 16 213 81 97 182 198 117 63 221 53 78 
116 212 114 198 117 97 182 86 178 77 181 190 168 53 
71 171 68 13 133 239 
116 212 164 230 114 173 221 53 
71 68 183 198 117 97 13 239 162 182 
71 10 87 198 193 13 79 117 
18 52 198 150 117 212 84 116 114 53 
116 53 
86 116 212 190 53 114 
18 52 
5 87 178 168 49 198 193 65 45 117 
116 53 
226 75 171 5 183 138 68 245 16 81 223 133 65 162 239 63 
116 212 114 53 
5 135 81 63 198 117 204 97 182 106 186 185 218 65 
145 116 240 53 
68 171 195 71 133 189 13 204 86 97 182 233 248 198 211 117 91 144 226 161 190 145 213 186 245 33 156 240 230 113 23 129 142 161 146 194 33 238 62 219 195 221 189 239 
68 171 119 239 133 14 
116 212 51 127 232 164 173 214 81 63 114 198 53 117 
233 211 
51 141 171 183 164 127 232 248 213 214 81 133 162 49 198 128 173 163 75 223 117 111 45 63 
5 233 211 232 214 81 63 65 
88 151 
198 51 233 117 212 211 67 179 127 172 30 114 
51 198 117 97 182 198 117 212 233 127 211 114 
116 198 53 117 97 182 170 209 
156 141 113 49 128 163 45 111 
184 143 
88 151 
116 212 86 190 114 161 53 198 33 117 
233 211 
233 62 86 170 212 211 190 219 209 199 51 127 81 63 29 237 114 225 
68 171 154 156 113 195 189 204 248 186 133 213 97 182 93 62 219 5 65 20 239 48 
62 51 170 127 154 5 219 195 209 222 65 189 20 105 
116 230 212 62 233 221 56 51 170 5 219 195 103 65 209 222 211 127 189 165 154 53 105 114 216 20 
116 62 233 51 71 219 195 211 127 165 154 189 216 13 20 53 
116 212 51 170 76 220 15 92 209 3 241 204 201 118 127 206 237 76 186 225 170 147 62 15 209 80 136 176 219 159 228 114 90 53 
62 88 219 195 180 189 98 62 219 87 193 151 43 150 198 117 84 116 244 53 
62 86 116 156 219 195 190 119 31 189 14 62 113 219 87 193 53 200 
88 156 113 62 76 176 51 180 219 195 189 62 15 90 219 87 127 43 193 151 
68 171 71 166 13 239 133 44 
68 156 171 154 133 198 20 239 113 117 
68 239 
55 96 22 156 67 108 198 72 30 62 51 117 127 154 212 219 152 120 62 20 114 113 219 99 
233 68 171 67 211 247 133 97 78 30 182 239 
233 51 116 220 211 127 241 53 
116 53 
233 51 116 220 198 127 117 211 241 53 
116 220 231 241 148 53 
116 212 51 77 181 127 114 53 
171 183 27 133 24 5 162 65 
68 171 183 5 133 239 162 65 
233 116 198 51 117 212 220 127 211 114 178 241 53 168 
212 114 
116 53 
116 53 
32 171 247 7 133 212 18 78 114 52 
68 156 154 118 91 67 97 147 30 182 171 113 133 239 20 144 
68 239 
68 239 
5 204 180 186 43 65 
71 109 76 15 149 49 0 174 45 217 13 155 
68 161 33 156 180 43 239 113 
91 154 116 20 81 53 150 180 198 63 43 84 135 144 86 233 117 212 190 211 114 106 
55 94 99 198 117 97 25 182 
91 198 144 226 86 117 212 54 62 6 219 87 190 245 180 43 51 127 22 114 193 72 
55 67 51 127 30 198 117 97 99 182 
233 116 212 51 114 198 161 211 127 247 138 54 33 6 180 156 75 141 117 171 43 62 223 219 87 78 16 233 51 164 211 165 127 22 113 128 133 173 216 72 198 53 193 117 
5 121 112 204 97 182 65 186 
116 51 178 127 168 62 180 43 97 182 53 219 
81 63 118 212 147 114 
86 226 81 116 212 190 118 245 63 147 62 219 87 114 53 193 
116 226 51 161 33 198 117 212 245 127 114 198 53 117 
220 93 241 48 
121 5 202 68 112 65 102 239 
5 183 68 162 239 65 
5 178 185 49 85 168 218 81 45 153 63 65 
233 51 68 171 87 127 154 71 156 211 91 144 233 211 202 13 17 239 133 193 20 113 102 46 
5 68 226 51 245 127 154 170 65 209 139 239 20 215 
116 97 182 198 53 185 117 218 
57 167 137 191 
86 32 190 167 7 191 
50 180 85 153 242 43 226 245 
116 118 54 198 147 117 164 6 141 128 173 53 
32 198 104 86 54 117 236 164 190 6 141 7 173 128 
247 78 
62 164 173 247 219 78 
183 176 226 81 162 90 49 63 245 45 
68 171 183 247 27 176 78 24 233 71 211 13 17 46 90 162 49 133 45 178 168 239 
116 91 231 144 233 211 53 148 
116 91 144 226 245 53 
116 212 226 245 53 114 
116 91 198 117 212 144 233 211 53 114 
212 114 198 117 97 182 198 117 
170 51 127 154 209 70 198 117 97 20 122 182 
212 170 114 209 
62 156 55 68 219 67 239 185 113 30 49 62 218 45 219 195 189 204 186 99 
110 62 126 75 219 152 120 62 178 223 185 49 219 168 218 45 
116 53 
55 62 178 104 219 236 152 75 120 62 168 56 219 67 49 103 99 223 30 45 
71 62 219 152 120 13 
42 18 62 52 219 152 187 120 
62 55 68 176 219 67 30 62 239 185 90 218 56 49 219 152 45 120 178 62 103 168 219 99 
55 204 186 86 190 62 219 99 
55 110 56 178 168 49 185 126 85 45 218 99 103 153 
116 198 117 86 212 51 195 110 190 127 126 114 189 62 81 53 219 63 
116 212 98 73 145 39 163 244 91 111 144 226 110 196 126 245 37 240 114 53 
5 110 68 178 126 239 185 49 168 218 45 65 
27 24 5 170 233 62 209 222 211 219 105 65 
5 68 171 226 245 133 65 239 
5 65 
116 104 86 212 114 178 170 236 168 130 76 190 209 15 34 85 153 53 
116 212 53 114 
116 91 212 144 114 53 
180 43 
154 198 91 117 204 97 182 178 168 198 186 117 212 114 20 144 
68 233 67 86 198 30 204 51 117 171 186 170 190 127 154 243 26 209 222 211 247 105 237 56 78 226 225 20 81 103 133 198 239 245 63 117 
116 91 144 226 198 180 117 212 245 43 86 233 190 53 114 211 
91 198 86 117 212 114 190 144 
145 226 240 245 
180 198 130 117 212 34 43 114 
116 121 198 47 117 97 112 182 204 178 131 168 233 198 211 91 51 117 212 186 127 53 144 114 
91 116 198 170 27 24 5 117 212 209 65 17 53 114 144 46 
233 68 198 51 117 97 182 198 127 117 154 211 91 86 190 145 198 27 117 171 24 5 65 17 144 226 20 46 81 133 198 117 97 239 240 245 63 182 
68 226 86 27 190 24 5 245 170 198 117 171 51 209 127 154 65 17 46 133 20 239 
198 68 117 171 239 133 
116 212 53 114 
233 27 150 171 24 42 211 84 91 187 144 133 
62 116 145 210 219 212 123 231 226 245 233 53 114 211 202 198 148 240 102 117 
233 51 68 171 104 236 175 127 211 239 133 8 
226 87 86 231 190 212 193 114 245 148 
68 27 62 91 24 5 219 87 65 17 46 144 226 239 193 245 
5 104 236 65 
5 62 86 219 152 190 65 120 
55 62 76 15 136 219 87 99 193 204 5 228 186 65 
212 114 
116 91 154 55 212 56 20 114 99 198 53 144 103 117 
116 198 117 212 51 127 154 55 62 219 114 99 53 20 
55 212 99 114 
226 116 86 104 212 190 236 176 245 90 55 85 153 233 211 114 178 53 185 99 168 218 
55 85 153 233 211 178 99 168 
226 245 51 198 150 117 62 84 116 127 219 121 53 112 
116 198 180 62 117 212 43 219 152 114 120 204 198 117 5 186 53 65 
5 65 
145 170 198 117 212 209 240 86 190 51 127 114 
86 55 190 157 51 127 154 99 35 20 
5 51 170 104 236 65 127 209 
5 154 65 20 
116 212 180 43 53 114 
233 68 171 211 239 133 
5 65 
5 170 209 65 
5 51 127 65 
5 247 62 51 127 154 170 219 87 209 222 78 20 105 65 193 
5 65 
5 154 65 20 
116 195 170 198 117 212 189 62 209 219 152 120 204 186 114 53 
5 198 62 116 81 86 117 63 212 130 190 219 34 65 53 114 
55 198 99 117 27 24 5 65 
5 154 178 135 168 106 150 20 51 248 198 84 127 213 117 212 170 114 65 209 
5 145 240 65 
154 198 117 97 182 20 
5 91 154 144 198 65 20 117 
179 150 198 172 56 180 51 170 84 117 135 212 103 43 127 62 248 209 70 213 219 195 122 237 106 150 189 225 84 204 116 114 186 53 
5 150 84 204 116 186 53 65 
116 86 190 53 150 84 
68 239 
227 21 185 158 218 4 
18 212 86 247 170 209 190 230 114 221 52 78 
116 86 190 53 
116 170 209 53 
212 204 114 186 
68 226 51 71 98 220 152 127 154 245 13 244 120 20 241 239 
23 129 
116 51 212 202 127 232 102 247 214 78 81 53 114 63 
204 186 62 219 67 30 
68 51 247 127 232 12 214 140 170 78 209 222 105 239 
170 62 56 209 219 152 70 103 226 122 237 120 62 86 219 67 245 225 190 30 
55 152 170 209 120 99 
233 56 211 202 103 102 233 211 
116 202 212 152 102 233 231 211 247 148 78 233 211 202 231 102 226 120 204 148 53 114 245 186 
202 102 233 211 
198 202 117 51 171 152 127 154 120 204 102 20 186 133 
68 171 156 233 12 67 179 104 236 75 211 247 172 56 78 226 140 180 103 223 85 239 133 113 30 245 43 153 
87 160 89 86 193 204 161 150 186 84 190 33 
233 5 211 202 156 75 102 226 86 190 119 245 65 113 223 14 
195 68 198 117 233 171 161 189 51 62 104 33 236 156 75 219 152 211 247 127 154 78 226 170 133 234 245 209 70 120 20 58 239 223 122 113 
232 96 214 108 81 210 67 123 231 63 237 148 50 30 204 242 186 180 225 43 
68 156 198 117 97 182 55 234 233 211 247 78 226 56 245 103 58 171 239 113 99 133 
233 116 220 212 211 53 114 241 
135 198 106 117 
195 5 51 59 246 127 124 115 81 63 86 190 230 177 237 225 189 65 19 221 
55 62 86 219 67 190 119 30 62 219 67 99 197 30 62 219 87 14 188 193 
55 87 230 220 193 233 204 221 56 241 186 103 211 99 
55 86 94 124 190 119 25 99 115 14 
197 59 124 87 188 19 115 193 
55 56 226 81 245 103 63 86 237 233 225 211 202 190 230 99 102 221 
247 51 116 70 127 154 20 81 122 237 78 53 63 225 
197 119 233 14 211 188 
197 38 233 40 85 86 153 211 190 188 
197 28 145 203 233 163 111 211 165 216 226 237 81 245 225 63 188 240 
55 199 67 29 237 86 81 30 62 225 63 190 119 219 152 120 14 56 99 103 
55 170 51 62 209 127 232 246 94 219 67 30 62 219 152 120 62 214 177 81 237 219 63 87 25 225 193 99 
51 55 170 161 62 127 209 232 199 33 219 67 30 62 219 152 120 29 62 237 214 81 219 87 193 225 63 99 
247 116 212 170 51 209 70 127 154 122 237 114 97 20 81 78 226 180 225 245 53 182 63 43 
71 185 218 13 
116 212 247 152 170 209 222 130 105 237 53 114 78 120 34 225 
68 62 171 145 219 152 232 233 240 86 246 120 204 186 211 190 202 179 177 237 214 81 225 63 239 133 102 172 
67 145 5 232 246 30 240 62 86 177 237 65 27 214 81 219 152 190 63 179 225 24 5 120 172 65 
5 145 65 240 
62 232 68 171 170 214 51 247 219 87 127 154 209 222 105 237 239 133 78 193 20 225 
116 212 233 170 211 209 114 53 
116 62 170 219 53 209 
116 233 62 170 219 211 165 209 210 216 123 53 
68 50 170 62 86 59 242 51 219 190 67 230 47 209 222 127 154 110 105 237 19 30 20 204 81 198 239 221 131 126 225 186 63 117 
62 68 86 171 170 190 119 219 67 50 242 51 209 222 14 56 103 127 154 133 198 117 59 224 20 81 118 63 239 30 105 19 74 147 
68 170 171 51 133 198 117 59 127 154 209 70 224 20 122 81 237 204 239 19 74 63 225 186 
68 171 161 154 27 222 33 95 24 71 164 247 62 219 87 13 17 20 78 46 226 81 239 133 105 132 173 193 245 63 
68 171 51 170 152 127 154 209 202 222 20 105 81 237 239 133 120 102 63 225 
204 51 68 95 170 234 127 154 91 186 132 49 209 70 45 144 233 62 20 122 81 237 58 66 219 152 239 211 63 225 205 120 
91 68 170 161 87 51 192 33 156 209 222 27 127 154 82 174 110 24 71 217 193 204 13 17 20 81 144 226 126 198 46 63 186 117 171 239 113 105 245 133 
71 13 
68 198 156 11 70 117 234 154 247 113 58 198 161 20 81 122 237 117 33 171 95 78 226 239 83 63 225 133 132 245 
62 68 171 161 233 33 156 211 247 219 152 51 133 198 170 127 154 117 234 94 209 70 122 237 20 81 78 226 58 198 225 117 171 63 239 113 120 25 245 133 
204 71 186 13 
197 188 
226 204 170 68 66 156 51 186 127 154 209 113 49 205 198 245 239 20 45 117 
51 68 152 233 156 234 127 154 170 211 247 209 222 58 198 117 66 120 204 86 190 230 113 161 186 205 20 81 198 105 221 33 56 237 95 117 234 11 78 226 239 63 103 225 132 58 83 245 
68 247 179 222 198 78 226 117 171 105 237 172 56 239 245 133 225 103 
233 68 62 86 234 156 141 211 219 247 67 170 190 230 11 83 209 70 51 58 127 138 198 11 128 117 171 122 16 81 237 239 113 78 30 221 83 133 63 225 
68 154 156 91 144 226 152 170 234 209 70 113 245 58 49 198 122 237 45 117 171 239 20 120 225 133 
67 145 232 5 64 30 62 219 67 198 30 62 117 93 160 219 67 60 174 30 62 240 86 190 119 219 67 30 204 217 89 214 65 48 14 186 
5 62 185 51 219 152 127 233 232 198 218 117 66 211 205 247 198 117 93 65 120 214 78 48 
55 51 86 174 127 232 62 190 217 219 67 119 30 204 99 214 14 186 
5 232 246 18 198 226 62 245 86 117 93 219 67 52 185 177 237 190 145 218 30 233 62 225 211 202 65 214 48 240 219 102 
68 171 233 76 211 202 86 15 192 62 190 230 102 51 233 170 219 67 127 154 82 174 211 209 247 70 217 122 237 221 20 56 81 30 204 78 226 103 225 63 239 133 186 245 
233 62 68 171 133 170 198 211 219 202 152 117 234 209 70 161 58 198 102 233 122 117 66 175 51 170 33 183 162 49 211 247 127 209 154 222 45 8 20 81 205 105 237 198 78 226 117 171 239 120 63 225 245 133 
68 66 204 95 175 186 154 222 247 205 198 132 49 20 81 105 78 117 226 237 171 8 45 63 239 245 225 133 
68 70 154 49 47 122 20 45 131 226 81 237 239 245 63 225 
68 175 233 66 205 230 222 198 117 154 171 211 47 221 56 103 8 105 237 20 81 131 226 239 133 225 63 245 
68 179 22 222 198 117 171 247 62 72 51 105 237 219 127 87 138 239 172 133 78 225 193 16 
62 68 171 76 175 233 219 152 15 192 211 165 8 82 174 239 133 120 216 217 
233 68 175 198 154 222 211 247 117 171 8 78 226 20 81 105 237 245 239 133 63 225 
68 152 170 66 120 230 62 51 233 209 127 211 165 154 70 219 87 221 56 49 45 239 205 216 20 122 193 103 
62 68 171 51 233 175 219 152 170 127 211 247 154 8 209 222 105 237 239 133 120 78 20 225 
68 198 233 117 234 175 8 62 211 91 219 58 144 239 
18 87 104 236 224 74 85 153 193 204 104 186 76 236 9 62 15 219 1 104 236 224 74 52 
9 1 104 236 227 21 
68 104 236 51 130 34 85 161 153 152 170 127 33 226 104 245 236 120 204 71 209 186 13 239 
161 33 156 170 113 209 
156 170 233 113 209 211 202 161 33 102 
195 189 
183 170 202 104 209 102 236 162 
165 62 116 36 216 226 161 219 152 212 245 33 229 120 114 53 
233 161 211 33 95 132 49 45 
152 95 120 132 
152 161 91 33 95 144 226 178 168 245 132 120 
233 152 230 211 91 95 144 221 132 120 
62 76 219 15 
198 117 
5 124 198 67 30 204 117 93 115 186 81 48 86 178 63 233 62 168 211 202 190 179 219 195 172 230 65 102 189 221 
91 104 236 130 34 144 
91 62 104 49 144 236 226 227 21 85 153 51 45 170 219 152 245 127 154 59 209 120 19 20 
165 76 152 15 192 82 174 216 226 161 51 170 217 104 33 156 236 224 127 154 209 70 20 74 122 85 113 120 245 153 
51 127 
233 211 91 51 127 144 
87 193 62 51 219 127 71 13 
86 104 236 227 190 21 51 104 236 11 83 104 236 227 127 21 85 153 
152 51 104 236 199 227 127 232 214 81 29 21 246 104 236 63 177 120 
62 86 183 68 170 51 104 236 227 190 127 119 232 209 246 219 214 51 177 237 21 14 104 236 11 225 127 154 83 162 239 20 
68 11 154 170 207 209 125 20 239 83 
152 156 171 104 236 227 113 165 161 21 170 104 33 183 236 11 51 209 222 216 127 226 154 120 245 162 20 81 105 133 83 63 
198 68 195 117 171 42 189 62 165 219 187 216 239 133 
51 161 127 33 183 162 
170 68 183 154 209 222 20 162 239 105 
183 154 70 162 161 20 33 156 122 113 
154 222 20 105 
170 68 154 209 70 195 20 122 189 239 
18 91 234 170 144 226 51 52 68 58 209 222 171 127 154 133 59 105 20 245 239 19 
226 51 234 170 68 127 209 138 58 171 133 239 16 245 
68 234 138 222 58 198 117 171 16 239 133 105 
170 51 104 161 236 11 33 156 127 154 71 209 222 20 113 83 13 105 
86 95 190 76 132 15 
71 68 183 170 67 154 179 239 209 222 13 20 30 172 162 105 
68 152 154 222 120 239 20 105 
165 216 226 138 222 16 81 105 63 245 
5 207 138 87 222 65 105 125 193 16 
86 170 154 152 209 70 190 119 20 120 14 122 
234 68 58 239 
62 68 234 170 183 219 152 104 154 236 11 120 209 222 20 162 239 58 105 83 
18 171 154 152 222 119 120 52 185 105 133 20 14 218 
145 70 240 122 
86 154 195 190 119 14 20 189 
119 154 70 185 14 122 20 218 
68 171 156 154 70 119 113 14 239 133 20 122 
68 119 239 14 
68 234 86 138 16 81 190 63 230 221 239 58 
71 68 183 170 165 216 226 154 87 209 70 239 122 13 20 81 162 245 193 63 
171 247 51 78 170 127 138 230 209 16 81 63 133 221 
71 68 239 185 218 13 
68 156 86 154 170 190 145 152 239 209 222 18 120 240 56 20 105 113 52 103 
27 62 51 219 67 24 5 30 204 186 62 127 219 65 
5 204 186 86 62 232 219 67 198 161 150 54 65 55 190 6 145 141 117 33 84 226 170 30 214 240 62 81 86 245 63 190 128 163 219 99 111 209 
170 233 62 209 211 219 
226 178 86 168 51 245 127 190 230 221 
150 5 170 198 51 117 84 209 246 127 232 177 65 214 
5 170 198 51 117 209 246 127 232 177 65 214 
5 170 209 222 105 237 178 204 49 65 225 168 186 45 
152 202 55 102 226 120 62 245 219 99 
226 62 245 219 
81 5 86 170 62 63 190 179 219 152 209 222 172 56 161 120 204 105 237 33 156 178 65 103 186 225 113 168 
51 152 86 170 198 156 127 232 202 113 49 117 212 120 45 190 209 214 102 114 
116 212 62 91 144 226 219 245 53 114 
51 220 170 241 230 127 209 221 56 71 103 13 
71 13 
71 86 170 156 68 152 190 179 113 161 33 95 209 70 178 122 237 172 56 13 239 120 132 168 225 103 
204 5 248 161 246 198 186 213 33 117 59 183 62 135 219 195 19 198 106 189 162 117 177 65 
59 183 62 135 219 195 19 198 106 189 162 117 
233 212 161 114 198 33 156 211 117 171 133 113 
98 171 133 198 161 244 117 62 150 234 33 170 183 219 84 67 68 226 51 127 124 209 245 222 115 81 30 86 62 63 219 195 233 190 230 58 211 202 198 105 237 117 171 162 239 189 221 102 225 133 
152 184 212 143 248 114 120 213 
202 28 102 203 
62 198 116 117 212 219 152 53 185 114 120 218 
150 198 86 84 117 116 212 190 179 172 53 114 
165 198 116 117 212 62 86 216 233 114 178 54 219 168 6 152 41 190 211 247 179 198 78 117 212 120 53 101 172 114 
178 150 170 168 49 84 116 209 222 45 53 105 
154 170 209 70 20 122 
