6 1 5 2 3 7 1 4 7 1 8 3 7 0 7 
6 1 3 5 2 3 7 0 7 1 8 3 7 1 7 1 7 4 7 
6 1 5 2 3 7 0 7 1 7 8 7 1 0 7 1 7 1 7 1 4 3 7 
6 3 5 2 7 8 7 1 7 3 4 7 1 7 3 7 
3 7 3 6 1 3 5 2 7 8 7 3 7 1 7 0 7 1 7 
6 1 3 5 2 7 3 7 3 4 7 1 7 
6 1 3 5 2 7 1 4 7 0 7 3 7 1 0 7 1 7 
3 6 1 3 5 2 7 3 4 8 3 1 7 1 7 4 7 0 7 3 1 7 1 3 7 
1 6 1 3 5 2 7 8 3 7 1 7 3 7 0 3 7 
3 7 1 6 1 3 5 2 7 8 7 3 1 7 3 4 3 1 7 0 0 1 7 7 1 7 
6 3 1 3 5 2 7 3 4 7 3 7 3 7 
3 6 1 3 5 2 7 3 4 7 1 7 3 7 4 7 3 7 
3 7 6 1 3 5 2 7 3 4 7 3 4 
7 3 6 1 3 5 2 7 8 1 3 7 
7 3 7 3 1 6 1 2 7 3 5 3 1 3 3 7 0 0 1 1 3 3 7 8 7 0 1 3 7 4 7 1 3 7 0 7 7 3 9 3 7 1 7 
3 6 2 3 1 3 4 0 4 0 1 8 7 1 7 7 0 7 0 1 7 9 3 7 
3 1 6 3 6 1 2 7 2 7 3 5 3 3 7 4 4 1 3 4 7 7 9 7 0 7 7 
3 1 3 6 6 7 6 1 6 2 1 3 3 3 0 7 4 7 8 1 3 4 0 9 7 
3 1 3 6 2 5 3 3 0 4 7 8 1 4 1 0 7 3 4 
3 1 3 6 1 2 5 3 3 4 3 7 4 1 3 7 7 0 1 3 3 4 
7 6 1 2 5 3 4 7 4 8 0 1 3 3 7 4 9 3 7 0 3 7 
1 6 1 2 7 3 5 1 3 3 7 3 3 1 4 1 0 7 7 9 3 0 7 
1 6 1 2 3 0 7 1 0 7 8 7 1 4 7 7 
3 1 3 6 1 2 7 3 1 3 4 7 7 8 7 7 0 7 1 4 
0 3 6 1 2 0 7 7 0 3 7 1 8 7 0 7 0 7 3 1 4 
0 1 3 7 3 6 1 2 3 3 3 6 0 3 7 8 1 7 1 0 7 0 7 4 1 7 
3 6 2 1 7 0 5 3 3 1 0 7 7 3 4 1 3 1 3 7 0 7 1 7 9 7 0 7 
3 7 6 1 3 1 3 1 2 7 4 1 7 8 0 4 1 7 9 7 7 
1 6 1 6 1 2 5 3 3 1 4 7 4 1 7 4 
3 1 3 6 1 2 7 3 0 7 1 7 3 5 3 7 4 7 7 0 7 3 1 3 4 
3 1 6 1 2 3 3 1 3 7 7 4 0 7 0 7 1 3 1 3 4 7 1 7 0 4 9 7 1 3 3 
6 3 6 2 1 3 3 3 1 4 7 7 3 1 7 0 7 1 3 7 9 
7 1 6 1 3 2 3 5 3 7 3 1 3 7 8 7 0 1 7 9 7 
3 1 3 6 1 2 3 5 3 3 0 4 1 8 0 0 1 7 3 4 
3 1 6 1 6 1 2 1 3 3 0 4 8 0 7 1 1 7 7 3 
