52 63 8 31 86 27 60 20 88 40 13 84 56 33 47 7 68 6 29 1 17 26 91 51 74 22 63 57 86 41 5 76 50 34 46 74 56 41 89 76 59 38 34 74 41 5 76 50 34 46 74 56 71 82 83 15 65 73 55 81 41 76 5 50 45 37 62 87 34 46 74 56 79 53 41 76 61 70 43 39 20 34 74 83 80 55 78 43 44 41 76 34 74 41 5 50 46 6 26 47 90 21 32 57 8 31 7 68 
1 17 26 57 22 63 86 50 46 56 74 41 5 76 50 34 46 74 56 41 5 76 50 65 81 73 55 67 54 25 11 77 69 85 93 92 24 67 11 77 69 62 39 79 40 15 81 61 70 43 39 20 46 34 74 83 55 78 43 44 41 76 34 74 41 6 26 90 47 21 32 57 
1 17 26 22 63 57 86 74 55 43 20 41 76 50 46 56 34 74 41 5 76 50 34 46 74 56 83 41 65 73 55 81 76 39 40 34 74 15 81 62 87 39 40 15 81 41 76 34 79 53 74 13 61 70 43 39 41 45 76 62 79 34 74 41 76 34 74 5 50 46 6 26 90 47 23 48 21 32 57 8 31 86 41 7 68 6 
1 17 26 57 22 63 86 74 41 76 34 74 41 76 50 62 34 46 74 56 79 13 65 73 55 81 67 77 41 5 76 50 11 69 85 92 93 24 67 11 77 69 85 93 92 24 67 77 45 11 69 62 87 61 39 70 43 79 53 34 46 20 74 83 55 78 43 44 41 76 34 74 6 26 41 90 47 21 32 57 8 7 31 68 
1 17 26 22 63 57 86 74 41 76 59 38 34 74 41 76 50 73 55 65 81 61 70 43 39 27 60 20 40 34 46 74 56 82 83 71 73 55 15 65 81 41 62 87 76 67 77 5 50 79 53 13 84 45 62 79 13 45 37 11 69 62 87 85 93 92 24 67 77 79 53 11 69 61 39 34 46 70 43 74 56 20 83 55 78 43 44 41 5 50 46 6 26 90 47 57 21 32 
1 17 26 57 22 63 86 50 46 74 56 41 76 5 50 34 46 74 56 65 73 55 81 87 62 67 77 41 5 76 50 53 79 11 69 85 93 92 24 67 77 69 11 54 25 85 66 92 64 67 54 11 25 61 39 70 43 34 46 74 56 41 76 5 50 34 46 74 41 6 26 90 47 21 32 57 
1 17 26 22 63 57 86 50 46 74 56 41 76 59 38 5 50 73 55 65 81 70 43 61 60 20 39 27 40 34 46 74 56 71 65 82 83 15 73 55 81 67 77 62 87 41 76 5 11 69 50 85 93 92 24 67 77 53 84 79 13 11 69 34 74 46 56 45 37 62 87 61 39 70 43 20 79 53 83 55 78 43 44 41 5 50 46 6 26 90 47 21 32 57 
1 17 26 57 22 63 86 74 41 76 34 74 41 76 50 73 55 65 70 43 60 20 61 27 34 46 74 56 71 82 83 65 73 55 67 54 25 66 77 81 41 5 76 50 46 56 5 64 69 50 11 54 25 93 85 66 92 24 67 77 11 69 85 92 93 24 67 11 77 69 85 92 64 62 87 67 11 54 25 39 61 70 43 34 46 74 79 53 41 76 34 74 41 6 26 90 47 21 32 57 8 31 86 7 68 6 
26 22 16 2 63 57 74 86 41 76 50 34 46 74 56 62 87 41 76 79 53 13 84 34 74 41 5 76 50 46 56 34 74 65 73 55 81 67 77 41 5 76 50 11 69 85 92 93 24 67 77 45 62 37 87 11 69 85 93 53 92 24 84 67 77 79 13 46 56 11 69 34 74 45 37 62 87 39 61 70 43 20 79 53 41 83 76 55 78 43 44 34 74 41 5 50 46 6 26 47 57 90 8 31 86 7 68 6 
1 17 26 57 22 63 86 50 46 56 74 41 5 76 50 34 46 74 56 62 87 79 53 65 81 73 55 41 5 76 50 34 46 74 56 61 39 70 43 20 83 55 78 43 44 41 5 50 46 6 26 47 57 90 21 32 86 8 7 31 68 6 
22 63 86 74 41 76 50 34 46 74 56 41 76 34 74 41 5 76 50 34 46 74 56 65 73 55 81 62 87 79 53 13 84 41 5 76 50 34 46 74 56 41 5 76 50 45 37 62 87 46 56 53 79 5 50 46 34 74 61 39 70 43 41 76 34 74 41 76 34 74 41 6 26 90 47 57 8 31 86 7 68 6 
1 17 26 57 22 63 86 74 41 76 50 46 56 34 74 41 5 76 50 34 46 74 56 65 73 55 81 41 5 76 50 34 46 74 56 41 5 76 50 61 39 70 43 20 34 46 74 56 83 55 78 43 44 62 79 41 5 76 50 46 34 74 6 41 26 90 47 57 21 32 86 8 31 7 68 6 
26 22 57 63 86 74 41 76 50 34 46 74 56 65 73 55 81 41 5 76 50 62 87 46 56 34 74 41 5 76 50 79 53 13 84 45 62 46 56 79 13 34 74 39 61 70 43 45 37 62 87 79 53 41 5 50 46 6 26 90 47 57 8 31 86 7 68 6 
1 17 26 57 22 63 86 50 46 74 56 41 76 5 50 46 56 73 55 65 81 5 50 34 46 61 39 74 56 70 43 41 76 5 50 34 46 74 41 6 26 47 90 21 32 57 8 31 86 7 68 6 
1 17 26 22 63 74 57 86 41 76 59 38 34 74 41 76 50 46 56 34 74 65 73 55 81 62 87 79 53 13 84 45 62 79 13 41 5 76 50 45 62 37 87 61 39 34 70 43 74 46 20 79 53 83 55 78 43 44 41 6 26 90 47 21 32 57 8 31 86 7 68 6 
1 17 26 22 57 63 86 62 50 79 13 46 56 5 50 46 74 56 65 81 73 55 41 76 5 50 45 62 87 79 53 61 39 70 43 20 34 46 74 56 41 5 83 76 50 55 78 46 43 44 34 74 41 76 34 74 41 6 26 90 47 57 21 32 86 8 31 7 68 6 
1 17 26 22 16 2 63 57 86 74 41 76 59 38 34 74 41 76 50 46 56 34 74 65 73 55 81 67 77 11 69 41 76 5 50 62 79 34 46 74 56 61 39 70 43 41 76 34 74 41 5 50 46 6 26 90 47 57 21 32 86 8 31 7 68 6 
1 17 26 57 22 63 86 74 41 76 50 34 46 74 56 41 5 76 50 34 46 74 56 65 73 55 81 41 76 67 77 5 50 11 69 85 92 93 24 67 77 11 69 62 87 79 53 61 39 70 43 34 46 74 56 41 76 34 74 41 5 76 50 34 46 74 6 26 90 47 21 32 57 29 8 31 86 41 51 7 68 6 
63 1 17 26 47 29 51 22 63 57 86 6 26 57 86 50 46 56 5 50 46 56 74 65 73 55 62 87 81 41 5 76 50 79 13 53 84 45 62 46 56 39 40 79 13 15 5 81 50 45 37 62 87 61 70 43 39 46 56 53 79 34 74 41 5 50 46 6 26 90 47 21 32 57 8 31 86 7 68 6 
1 17 26 22 63 57 86 74 41 76 50 34 46 74 56 65 73 55 81 62 87 41 5 76 50 53 84 79 13 45 37 62 87 53 61 39 70 43 34 46 74 56 79 41 5 76 50 46 34 74 41 6 26 90 47 57 21 32 86 8 31 7 68 6 
1 17 26 22 63 57 86 50 46 56 59 38 5 50 46 74 56 73 55 65 81 41 5 76 50 62 87 79 53 13 84 67 11 77 69 45 62 37 87 39 61 70 43 34 46 74 56 79 53 41 5 50 46 6 26 90 47 57 21 32 
1 17 26 22 63 57 86 50 46 56 74 41 5 76 50 34 46 74 56 65 73 55 81 62 87 67 11 54 25 85 92 66 67 64 77 69 41 5 54 25 93 24 76 50 11 66 77 69 85 92 64 67 11 54 25 79 53 13 84 45 37 62 87 46 56 34 74 39 5 41 50 76 79 53 61 70 43 20 46 56 34 74 83 55 78 43 44 41 5 50 46 6 26 90 47 21 32 57 8 31 86 7 68 6 
1 17 26 22 63 57 86 50 46 56 5 50 46 74 56 65 73 55 81 41 76 5 50 62 79 13 39 40 15 81 45 62 34 46 74 56 61 39 79 70 43 13 20 41 76 34 74 83 55 78 43 44 45 62 79 41 5 50 46 6 26 90 47 21 32 57 8 31 86 7 68 6 
1 17 26 57 22 63 86 62 79 13 74 41 76 50 34 46 74 56 65 73 55 81 67 11 54 25 45 41 5 62 87 76 50 53 79 13 45 62 79 39 61 70 43 46 34 74 41 76 34 74 6 26 47 21 32 90 8 31 57 86 41 7 68 6 
1 17 26 22 16 2 63 57 86 50 46 56 59 38 5 50 46 65 73 55 81 74 56 62 87 41 5 76 50 79 53 13 84 45 37 62 87 79 53 13 84 45 37 62 87 39 79 53 13 84 61 70 43 46 56 45 37 62 87 79 53 34 74 41 5 50 46 6 26 90 52 91 47 22 90 21 32 57 8 31 86 7 68 6 
1 17 26 57 22 86 63 50 46 56 59 38 74 41 76 5 50 65 73 55 81 46 56 62 87 67 54 5 11 25 50 39 40 15 81 79 53 13 84 45 37 62 87 53 39 61 70 43 79 46 56 34 74 41 5 76 50 34 46 74 6 26 47 90 21 32 57 41 8 31 86 7 68 6 
1 17 26 22 16 2 63 57 86 50 46 56 59 38 5 50 65 73 55 81 46 56 62 87 5 50 79 53 13 84 61 39 70 43 45 37 46 62 87 56 79 53 13 84 74 45 37 62 87 79 53 13 84 41 5 45 37 76 50 62 87 28 72 18 35 30 42 12 3 28 18 72 35 79 53 34 46 74 41 6 26 90 47 21 32 57 
86 6 1 17 26 22 63 57 86 74 41 76 50 34 46 74 56 41 5 76 50 46 56 5 50 34 46 74 56 65 73 55 81 62 87 41 76 5 50 79 53 13 84 45 37 62 87 79 53 61 39 70 43 46 34 74 41 76 34 74 41 76 34 6 26 90 47 21 32 57 8 31 86 7 68 6 
1 17 26 22 63 57 86 76 50 34 46 74 56 41 76 5 50 62 87 34 46 74 56 73 55 65 81 67 77 41 5 76 50 79 53 13 84 34 46 74 56 41 5 76 50 11 69 45 62 37 87 39 40 79 53 13 84 15 81 61 39 45 37 62 87 70 43 34 46 74 56 79 53 41 76 34 74 41 5 50 46 6 26 90 47 21 32 57 8 31 86 7 68 6 
1 17 26 57 22 63 86 50 46 74 56 41 5 76 50 73 55 46 65 81 56 67 77 5 50 39 40 15 81 11 69 61 39 70 43 34 46 74 56 41 76 62 87 34 74 79 53 41 5 76 50 34 46 74 6 26 90 47 21 32 57 8 31 86 41 7 68 6 
1 17 26 22 63 57 86 50 46 56 74 41 76 5 50 62 79 13 34 46 74 56 45 62 87 65 73 55 81 53 79 41 5 13 76 50 61 39 70 43 46 56 34 74 45 62 41 76 34 74 79 41 5 76 50 34 46 74 41 6 26 90 47 57 21 32 86 8 31 7 68 6 
1 17 26 57 22 63 86 50 46 56 5 50 62 87 46 74 56 65 73 55 81 41 5 76 50 79 53 13 84 45 62 37 87 61 70 43 39 34 46 74 56 53 79 13 41 5 76 50 45 62 79 46 56 34 74 41 5 76 50 34 46 6 26 90 47 57 21 32 86 8 31 7 68 6 
1 17 26 22 16 2 63 57 86 76 50 34 46 74 56 41 76 34 74 41 76 5 50 34 46 74 56 62 87 41 73 55 76 65 5 50 81 79 53 13 84 45 37 62 87 79 53 13 84 45 37 62 87 79 53 13 84 45 37 62 87 39 61 70 43 34 46 53 74 56 41 76 79 34 74 41 5 50 46 6 26 90 47 21 32 57 8 31 86 7 68 6 
1 17 26 57 22 63 86 50 46 74 56 41 76 5 50 46 56 65 73 55 62 5 50 79 13 81 45 62 87 79 53 13 39 61 70 43 34 46 74 56 41 5 76 50 45 62 46 56 79 34 74 41 5 50 46 6 26 90 47 21 32 57 
1 17 26 22 63 90 52 57 91 86 22 50 46 74 56 41 76 59 38 34 74 41 5 76 50 73 55 65 81 70 43 39 60 20 40 61 27 46 56 34 71 82 83 15 74 65 73 55 81 67 77 41 5 76 50 69 11 54 25 61 39 34 46 70 43 74 56 41 5 50 46 6 26 90 47 21 32 57 8 31 86 7 68 6 
1 17 26 57 22 63 86 50 46 56 74 41 5 76 50 65 73 55 81 61 70 43 39 27 60 20 40 71 82 83 65 73 55 15 81 67 77 62 87 11 69 61 39 70 43 34 46 74 56 79 53 13 84 41 5 76 50 45 46 62 56 37 87 34 74 79 53 41 5 76 50 34 46 74 6 26 41 90 47 21 32 57 8 31 86 7 68 6 
1 17 26 22 63 74 57 86 41 76 50 46 56 5 50 73 55 65 61 70 43 27 60 20 62 34 46 74 56 71 82 83 65 73 55 81 87 41 76 67 77 5 50 79 53 13 84 45 37 62 87 53 79 11 69 61 39 34 70 43 74 46 56 41 76 34 74 41 5 50 46 6 26 90 47 57 21 32 86 8 31 7 68 6 
1 17 26 57 22 63 86 74 41 76 50 46 56 62 87 53 84 5 79 50 13 73 55 70 43 60 20 45 37 62 87 82 83 65 73 55 81 67 77 79 53 13 84 11 69 61 39 45 37 62 87 70 43 46 56 34 74 79 53 41 5 76 50 46 56 34 74 41 5 76 50 34 46 6 26 90 47 21 32 57 8 7 31 68 86 6 
1 17 26 76 57 22 63 86 50 46 56 5 50 62 87 53 84 79 13 46 56 34 65 73 55 81 74 45 37 62 87 67 77 79 53 41 5 13 84 76 50 69 11 54 25 93 85 66 92 24 67 77 11 69 85 93 92 24 45 37 67 77 62 87 79 53 64 69 11 54 25 46 56 34 74 61 39 70 43 41 5 50 46 6 26 90 47 21 32 57 8 31 86 7 68 6 
1 17 26 57 22 63 86 50 46 56 5 50 65 73 55 61 27 70 43 60 20 62 87 71 82 83 65 73 55 81 46 74 56 67 77 41 5 76 50 79 53 13 84 45 37 62 87 11 69 85 92 93 67 54 25 24 66 77 11 69 85 93 92 64 67 54 25 24 77 11 69 53 79 39 61 70 43 46 56 34 74 41 5 76 50 46 56 34 74 41 5 76 50 34 46 74 6 26 90 47 21 32 57 8 31 86 41 7 68 6 
1 17 26 22 16 2 90 63 52 91 57 22 86 74 41 76 50 46 56 59 38 5 50 46 65 81 62 56 73 55 5 50 79 13 45 62 87 79 53 13 61 70 43 39 46 45 56 62 34 79 74 41 76 34 74 41 5 50 46 6 26 47 90 21 32 57 8 31 86 7 68 6 
1 17 26 57 22 63 86 50 46 56 5 50 46 56 65 62 73 55 81 79 5 13 50 39 40 15 81 45 62 87 61 70 43 39 20 46 56 74 79 53 83 41 5 55 78 76 50 43 44 46 56 34 74 41 5 76 50 34 46 74 6 26 90 47 21 32 57 8 31 86 41 7 68 6 
1 17 26 57 22 63 86 50 46 56 59 38 5 50 46 74 56 73 55 62 65 81 41 5 76 50 87 79 53 13 84 45 37 62 87 79 53 13 84 61 70 43 39 20 46 56 45 62 37 87 34 74 83 55 79 53 43 41 5 50 46 6 26 47 90 21 32 57 8 31 86 7 68 6 
1 17 26 57 22 63 86 50 46 56 5 50 62 28 18 72 35 79 13 46 74 56 65 73 55 81 41 5 76 50 39 40 15 81 61 39 70 43 20 34 46 74 56 83 41 5 55 76 50 43 46 56 34 74 45 62 79 41 5 50 46 6 26 90 47 21 32 57 8 31 86 7 68 6 
1 17 26 22 63 57 86 74 41 76 34 74 41 76 65 62 50 81 73 55 87 79 53 13 84 45 37 62 87 70 43 79 53 61 20 39 34 46 74 83 55 43 41 6 26 90 52 91 22 90 47 21 32 57 
1 17 26 57 22 63 86 50 46 56 74 41 76 65 81 5 50 73 55 61 70 43 39 20 46 56 34 74 83 55 78 43 44 41 76 34 74 41 76 5 50 34 46 74 41 62 87 6 26 90 47 21 32 57 8 31 79 53 7 68 
26 22 57 63 86 50 46 74 56 41 76 5 50 34 46 74 56 41 76 65 81 62 87 5 50 73 55 34 46 74 56 79 53 41 5 76 50 70 43 34 46 20 39 74 61 83 55 43 41 8 7 31 68 1 17 6 26 47 90 21 32 57 
1 17 26 22 63 57 86 50 46 74 56 41 76 34 74 55 43 20 65 81 62 87 41 5 83 76 50 73 55 79 53 70 43 61 20 39 46 34 74 83 55 78 43 44 41 6 26 90 47 57 21 32 86 8 31 7 68 6 
1 17 26 22 63 57 86 74 41 76 34 74 41 76 55 34 74 43 20 41 76 65 81 50 83 73 55 46 56 5 50 34 46 70 43 74 61 39 41 76 34 74 41 6 26 90 47 21 32 57 
1 17 26 57 22 63 86 50 46 56 74 65 41 5 76 50 73 55 81 39 70 43 20 61 46 56 34 74 83 55 78 43 44 41 76 5 50 34 46 74 56 5 41 50 76 34 46 74 6 26 90 47 57 21 32 41 
1 17 22 63 26 57 86 50 46 56 74 41 76 59 38 55 34 74 43 20 65 81 41 5 76 50 83 73 55 70 43 61 39 34 46 74 56 41 76 34 74 41 76 34 74 41 5 50 46 6 26 47 90 21 32 57 8 31 7 68 
1 17 26 57 22 63 86 50 46 74 56 41 76 5 50 46 56 34 74 41 76 65 5 50 73 55 81 61 39 70 43 20 46 34 74 83 55 78 43 44 20 62 87 53 79 83 55 43 6 26 90 47 21 32 57 41 
1 17 26 22 63 57 86 50 46 74 56 62 87 41 76 59 53 55 38 79 34 13 74 43 20 41 76 65 81 5 50 83 73 55 39 70 43 34 46 74 56 61 45 62 79 41 5 50 46 6 26 90 47 21 32 57 8 31 7 68 
1 17 26 57 22 63 86 50 46 74 56 41 76 34 74 41 76 34 74 41 76 65 81 5 50 73 55 70 43 39 20 61 34 46 74 83 55 78 43 44 41 6 26 90 47 21 32 57 8 31 7 68 
26 22 90 63 74 52 91 57 22 86 41 76 50 34 46 74 56 41 76 34 74 41 65 76 81 5 50 73 55 46 56 5 50 39 70 43 20 34 46 61 74 56 83 55 43 62 87 79 53 41 5 50 46 6 26 90 47 57 
1 17 26 57 22 63 86 50 46 74 56 41 76 5 50 34 46 74 56 41 76 65 81 5 50 73 55 62 87 79 53 39 70 43 61 20 34 46 74 56 41 76 5 50 83 55 43 46 56 34 74 41 5 50 46 6 26 47 90 21 32 57 8 31 86 7 68 6 
26 22 63 90 52 91 57 74 22 86 41 76 50 34 46 74 56 41 76 5 50 55 46 56 43 20 34 74 65 81 41 76 5 50 83 73 55 70 43 39 61 20 34 46 74 56 41 76 34 74 83 55 62 43 79 41 5 50 46 6 26 90 47 57 8 31 86 7 68 6 
1 17 26 57 22 63 86 50 46 56 74 41 76 65 81 5 50 73 55 70 43 20 34 46 61 39 74 56 62 79 83 55 78 43 44 41 5 76 50 34 46 74 6 26 90 47 21 32 57 8 31 41 7 68 1 21 17 32 
8 7 31 68 1 17 26 22 63 57 74 86 41 76 50 34 46 74 56 41 76 34 74 41 76 5 50 65 73 55 81 46 56 5 50 61 70 43 39 34 46 20 74 56 83 55 43 41 76 34 74 41 76 5 50 34 46 74 6 41 26 90 47 21 32 57 8 31 7 68 
1 17 26 57 22 63 86 74 41 76 50 65 73 55 81 70 43 20 39 61 46 56 34 74 41 5 83 76 50 55 78 34 46 74 43 44 41 6 26 90 47 21 32 57 8 31 86 7 68 6 
26 22 63 74 57 86 41 76 50 34 46 74 56 62 41 76 79 55 13 34 74 43 20 41 76 65 81 83 73 55 5 50 70 43 34 46 61 20 39 74 56 45 62 79 83 55 78 43 44 41 5 76 50 46 34 74 6 26 47 90 57 8 31 86 41 7 68 6 
1 17 26 57 22 63 86 50 46 74 56 41 76 5 50 62 79 46 56 34 74 65 81 73 55 41 5 76 50 70 43 39 20 61 34 46 74 83 55 78 43 44 6 26 90 47 21 32 57 8 31 86 41 7 68 6 
1 17 26 22 74 63 57 86 41 76 50 46 56 34 74 41 76 59 38 34 74 41 76 65 81 5 73 55 50 61 70 43 39 34 46 74 56 41 5 50 46 6 26 47 90 21 32 57 8 31 7 68 
1 17 26 57 22 63 86 50 46 56 74 41 5 76 50 65 73 55 81 39 70 43 20 61 46 56 34 74 83 55 41 43 76 34 74 41 5 50 46 6 26 90 47 57 21 32 8 31 7 68 
1 17 26 57 22 63 86 47 6 74 29 51 23 26 63 47 29 51 63 48 57 86 41 76 59 38 34 55 74 43 20 83 73 55 65 81 41 76 50 67 77 11 69 34 46 70 43 74 56 61 20 39 41 76 34 74 83 55 43 41 5 50 46 6 26 47 90 21 32 57 
1 17 26 57 22 63 86 50 46 56 5 50 46 56 5 50 73 55 65 81 67 77 11 69 61 39 70 43 20 46 74 56 83 55 43 41 76 34 74 5 50 41 76 34 46 74 6 26 90 47 21 32 57 41 8 31 86 7 68 6 
1 17 26 22 63 57 86 50 55 43 46 20 56 59 38 83 55 78 43 44 74 20 41 76 65 83 81 73 55 5 50 67 77 11 69 34 46 70 43 74 56 61 39 41 76 34 74 41 5 76 50 34 46 74 6 41 26 90 47 21 32 57 8 31 86 7 68 6 
1 17 26 57 22 63 86 50 46 74 56 41 76 5 50 34 46 74 56 55 43 20 41 76 83 65 73 55 81 5 50 67 77 11 69 61 70 43 39 34 46 20 74 83 55 78 43 44 41 6 26 90 47 57 21 32 86 8 31 7 68 6 
1 17 26 22 63 57 86 50 46 74 56 41 76 59 38 55 43 20 34 74 83 41 73 55 76 65 81 5 50 67 77 39 40 62 11 69 87 15 81 39 61 34 46 74 56 70 43 20 53 79 83 55 43 41 5 76 50 46 34 74 6 26 41 90 47 21 32 57 8 31 86 7 68 6 
1 17 26 57 22 63 86 50 46 56 5 50 46 56 74 65 73 55 81 41 5 76 50 67 77 69 11 54 25 39 61 70 43 46 34 74 6 26 90 47 21 32 57 8 31 86 41 7 68 6 
1 17 26 22 63 57 86 74 41 76 34 74 41 65 73 55 76 50 67 77 81 69 11 54 25 34 46 74 56 61 39 70 43 20 41 76 34 74 83 55 43 41 5 76 50 34 46 74 41 6 26 90 47 21 32 57 8 31 86 7 68 6 
1 17 26 22 63 57 86 50 46 74 56 41 76 34 74 73 55 65 81 41 5 76 50 67 54 25 77 11 69 46 61 39 34 70 43 74 62 87 79 53 41 6 26 90 47 21 32 57 8 31 86 7 68 6 
1 17 26 22 74 63 57 86 41 76 50 34 46 74 56 41 76 5 50 34 46 74 56 73 55 65 81 41 5 76 50 67 77 11 69 46 34 74 61 39 70 43 41 76 34 74 41 76 34 74 6 26 41 90 47 57 23 48 21 32 86 8 31 7 68 6 
1 17 26 57 22 63 86 50 46 74 56 41 76 73 55 65 81 5 50 67 77 11 69 61 39 70 43 62 20 34 46 74 79 13 83 55 43 45 62 87 79 53 41 6 26 90 47 21 32 57 8 31 86 7 68 6 
1 17 26 22 63 57 86 74 6 26 57 86 41 76 50 34 46 74 56 73 55 65 81 41 5 76 50 67 77 11 69 34 46 74 56 61 39 70 43 41 76 34 74 41 5 50 46 6 26 90 47 21 32 57 8 31 86 7 68 6 
1 17 26 57 22 63 86 74 41 76 50 34 46 74 56 62 41 76 79 13 55 34 74 43 20 41 76 34 74 83 73 55 65 81 45 62 41 5 76 50 67 77 79 13 39 40 11 69 15 81 45 62 79 39 46 61 70 43 20 34 74 83 55 78 43 44 41 76 34 74 6 26 90 47 21 32 57 8 31 86 41 7 68 6 
1 17 26 22 57 63 86 50 46 56 62 79 74 41 76 65 73 55 81 5 50 67 77 11 69 85 93 92 67 54 25 24 77 11 69 34 46 74 56 61 70 43 39 20 41 76 83 55 43 34 74 41 5 76 50 34 46 74 41 6 26 90 47 21 32 57 8 31 86 7 68 6 
1 17 26 57 22 63 86 50 46 56 59 38 55 43 20 5 50 74 46 56 41 76 34 74 83 65 73 55 81 41 5 76 50 67 77 11 69 85 93 92 24 67 11 77 69 61 70 43 39 20 34 46 74 83 41 55 76 43 34 74 41 6 26 90 47 21 32 57 8 31 86 7 68 6 
1 17 26 57 22 86 63 50 46 56 55 78 74 41 43 44 76 20 34 74 83 41 65 73 55 76 81 5 50 34 46 74 56 67 77 11 69 85 93 41 5 76 50 92 24 67 77 69 11 54 25 34 46 61 39 74 56 70 43 41 5 50 46 6 26 90 47 57 21 32 86 8 31 7 68 6 
1 17 26 57 86 22 63 50 62 87 53 84 79 13 46 56 74 65 73 55 81 67 77 41 5 76 50 11 69 85 93 92 24 67 77 11 69 34 46 74 56 61 39 70 43 20 83 55 78 41 45 37 76 62 87 43 44 79 53 34 74 41 5 50 46 6 26 90 47 21 32 57 8 31 86 7 68 6 
1 17 26 22 57 63 86 50 46 56 74 41 76 65 73 55 5 50 81 46 56 67 77 11 69 85 93 5 50 39 92 24 67 77 34 46 11 69 74 56 61 70 43 20 41 76 83 55 43 34 74 41 5 76 50 34 46 6 26 90 47 21 32 57 8 31 86 7 68 6 
1 17 26 57 22 63 86 76 50 46 56 34 55 74 41 76 43 20 34 74 41 5 76 50 34 46 62 74 56 83 65 73 55 79 41 5 81 76 50 67 54 25 77 11 69 85 93 92 24 67 77 11 69 46 61 70 43 39 56 20 34 74 83 55 78 43 44 41 5 76 50 34 46 6 26 90 47 21 32 57 
1 17 26 22 63 57 86 76 50 46 56 34 74 41 5 76 50 46 56 65 81 34 74 61 39 41 5 76 50 34 46 74 56 41 76 55 78 34 74 43 44 41 5 76 50 34 46 74 6 26 47 90 21 32 57 8 31 41 7 68 
1 17 26 57 22 63 86 74 41 76 50 46 56 34 74 41 76 5 50 46 56 55 78 43 44 20 88 5 50 46 56 5 50 46 56 65 81 83 73 55 5 50 62 79 13 70 43 20 61 39 46 56 45 34 62 87 74 79 53 41 5 13 84 76 50 83 80 55 78 46 56 43 44 45 62 37 87 34 74 79 53 41 5 50 46 6 26 90 47 21 32 57 8 31 86 7 68 6 
1 17 26 22 63 57 86 50 46 56 55 78 74 44 88 43 20 41 76 62 65 81 5 83 79 50 73 55 46 56 5 50 70 43 34 46 20 74 56 61 39 41 76 34 74 41 5 76 50 83 80 55 78 46 56 43 44 34 74 41 5 50 46 6 26 90 47 57 21 32 
1 17 26 57 22 63 86 50 46 56 55 78 43 44 20 88 5 50 46 74 56 65 81 83 73 55 41 5 76 50 67 11 54 25 70 43 20 34 46 61 39 74 56 41 5 76 50 83 80 55 78 46 56 43 44 62 34 74 87 79 53 5 41 50 46 6 26 90 47 21 32 8 31 57 86 7 68 6 
1 17 26 22 63 57 86 50 46 56 55 78 43 44 20 88 74 41 5 76 50 46 56 34 74 65 81 83 73 55 41 5 76 50 34 46 74 56 70 43 20 61 39 41 76 5 50 34 46 74 56 41 76 83 80 55 78 34 74 43 44 41 5 50 46 6 26 90 47 57 21 32 86 8 31 7 68 6 
1 17 26 57 86 22 63 50 55 78 46 56 43 44 20 88 74 41 5 76 50 46 56 65 83 81 73 55 5 50 70 43 20 39 61 34 46 74 56 41 5 76 50 83 80 55 78 46 56 43 44 34 74 5 41 50 46 6 26 90 47 21 32 57 
1 17 26 22 74 63 57 86 41 76 50 46 56 59 38 55 78 44 88 43 20 34 74 41 76 62 65 79 13 5 83 50 73 55 81 34 46 74 56 41 5 76 50 70 43 46 20 56 61 39 34 74 41 83 80 76 55 78 43 44 45 62 79 34 74 41 5 50 46 6 26 90 47 57 21 32 
1 17 26 57 22 63 86 50 46 56 55 78 43 44 20 88 74 41 5 76 50 46 56 65 81 62 87 5 83 50 73 55 79 53 13 70 43 20 61 39 46 56 34 74 41 83 80 76 55 78 43 44 45 62 34 74 79 41 76 5 50 34 46 6 26 47 57 90 21 32 86 8 31 7 68 6 
1 17 26 22 63 90 57 52 91 86 22 76 50 46 56 34 74 41 76 59 38 34 55 74 43 20 41 76 65 81 5 83 50 73 55 34 46 70 43 74 56 20 61 39 41 76 83 55 78 34 74 43 44 62 87 53 79 41 5 76 50 34 46 74 6 26 90 47 21 32 57 8 31 86 41 7 68 6 
1 17 26 57 22 63 86 74 41 76 50 46 56 55 78 43 44 20 88 34 74 41 5 76 50 46 56 65 83 81 73 55 5 50 70 43 20 61 39 46 56 5 50 34 46 74 56 41 83 80 76 55 78 43 44 34 74 41 5 76 50 34 46 74 6 26 90 47 21 32 57 29 8 7 31 68 1 17 41 51 21 32 
63 8 31 47 7 68 29 1 17 26 57 22 51 86 63 50 55 46 74 41 76 43 20 21 32 8 7 31 68 1 17 21 32 8 7 31 68 1 17 21 32 8 7 31 68 1 17 34 74 62 87 41 76 21 32 8 7 31 68 1 17 79 53 13 34 74 41 76 21 32 8 7 31 68 1 17 21 32 8 31 7 68 1 17 83 55 78 34 74 43 44 41 76 34 74 45 62 6 26 90 47 21 32 57 79 41 
1 17 26 22 63 90 52 91 57 22 86 50 46 55 78 43 44 20 88 21 32 8 7 31 68 1 17 21 32 8 31 7 68 1 17 74 62 87 65 81 41 76 61 39 79 53 34 74 41 21 32 76 8 31 7 68 1 17 83 80 55 78 43 44 34 74 41 6 26 90 47 21 32 57 8 31 7 68 
1 17 26 57 22 63 86 50 55 78 46 56 74 44 88 43 20 41 21 32 8 7 31 68 1 17 21 32 8 7 31 68 1 17 21 32 8 7 31 68 1 17 21 32 8 31 7 68 1 21 17 32 8 31 7 68 1 17 21 32 8 31 7 68 1 17 21 32 8 31 7 68 1 17 21 32 8 31 7 68 1 17 21 32 8 7 31 68 1 17 5 50 46 65 81 62 87 56 21 32 8 7 31 68 1 21 17 32 8 31 7 68 1 17 61 39 79 53 5 50 46 56 21 32 8 7 31 68 1 17 21 32 8 31 7 68 1 17 83 80 55 78 5 43 44 50 46 6 26 90 47 21 32 57 
1 17 26 22 63 74 57 86 41 76 50 46 55 78 34 74 41 43 44 76 20 88 21 32 8 31 7 68 1 17 21 32 8 7 31 68 1 17 21 32 8 31 7 68 1 17 21 32 8 7 31 68 1 17 34 74 65 83 81 62 73 55 87 41 39 76 70 43 20 61 79 53 34 74 41 76 21 32 8 31 7 68 1 17 21 32 8 31 7 68 1 17 21 32 8 31 7 68 1 17 83 80 55 78 43 44 34 74 6 41 26 90 47 57 21 32 8 31 7 68 
1 17 26 57 22 63 86 50 55 46 74 56 78 41 76 21 32 8 7 31 68 1 17 21 32 8 31 7 68 1 17 43 44 20 88 21 32 8 7 31 68 1 17 34 74 62 41 65 87 81 61 39 79 53 21 32 8 7 31 68 1 17 83 80 55 78 5 50 43 44 46 6 26 90 47 21 32 57 8 31 7 68 
1 17 26 74 57 86 41 76 50 34 46 74 56 41 76 21 32 8 31 7 68 1 17 21 32 8 31 7 68 1 17 62 34 74 87 73 55 79 53 65 81 41 76 61 39 70 43 34 74 41 76 5 50 34 46 74 41 21 32 8 7 31 68 6 
26 52 29 51 57 91 63 86 22 74 41 76 50 55 78 34 46 74 56 43 44 41 20 76 8 31 7 68 1 17 21 32 8 7 31 68 1 17 21 32 8 31 7 68 1 17 21 32 8 31 7 68 1 17 21 32 8 7 31 68 1 21 17 32 8 31 7 68 1 17 34 74 83 65 73 55 67 11 77 69 81 85 93 41 76 92 24 67 11 77 69 61 39 70 43 20 34 74 41 76 21 32 8 7 31 68 1 17 21 32 8 7 31 68 1 17 83 55 34 74 43 41 5 50 46 6 26 90 47 57 21 32 86 8 31 7 68 6 
1 17 26 22 16 2 63 74 57 86 41 76 50 34 46 74 56 55 78 44 41 76 21 32 43 8 31 20 7 68 1 17 21 32 8 7 31 68 1 17 34 74 83 73 55 65 81 41 76 39 61 70 43 34 74 41 76 21 32 8 31 7 68 1 17 21 32 8 31 7 68 1 17 5 50 46 34 74 41 6 26 90 47 21 32 57 8 31 86 7 68 6 
1 17 26 57 22 63 86 74 55 43 20 41 76 21 32 8 31 7 68 1 17 21 32 8 7 31 68 1 21 17 32 8 7 31 68 1 17 21 32 8 7 31 68 1 17 21 32 8 7 31 68 1 17 34 74 83 65 73 55 81 41 76 21 32 8 31 39 7 68 1 17 61 70 43 20 34 74 41 76 21 32 8 31 7 68 1 17 21 32 8 7 31 68 1 17 83 55 78 34 74 43 44 41 76 50 34 46 74 6 26 90 47 21 32 57 8 31 7 68 41 1 21 17 32 
8 7 31 68 1 17 26 22 16 2 57 63 86 50 46 56 5 50 55 78 46 56 43 44 20 88 21 32 8 7 31 68 1 17 21 32 8 7 31 68 1 21 17 32 8 7 31 68 1 17 21 32 8 31 7 68 1 17 74 83 73 55 41 65 76 81 61 39 70 43 20 34 74 41 21 32 8 31 7 68 1 17 21 32 8 7 31 68 1 17 83 80 55 78 44 43 5 50 46 56 5 50 46 6 26 90 47 21 32 57 8 31 86 7 68 6 
1 17 26 23 48 74 22 57 63 86 41 76 50 55 78 46 56 44 43 20 21 32 8 7 31 68 1 17 83 73 55 65 81 61 39 70 43 34 74 41 76 21 32 8 31 7 68 1 17 21 32 8 7 31 68 1 17 5 50 46 34 74 6 90 47 26 21 32 57 8 31 86 41 7 68 6 
1 17 26 22 63 57 86 74 41 76 34 74 55 78 41 43 44 76 20 21 32 8 7 31 68 1 17 34 74 83 73 55 65 81 41 76 61 39 70 43 34 74 41 76 21 32 8 31 7 68 1 17 21 32 8 7 31 68 1 17 21 32 8 7 31 68 1 17 34 74 41 76 34 74 6 41 26 90 47 57 21 32 86 8 31 7 68 6 
1 17 26 22 57 63 86 74 41 76 50 34 46 74 56 41 76 5 50 55 78 34 46 74 44 43 20 41 76 21 32 8 31 7 68 1 21 17 32 8 7 31 68 1 17 21 32 8 7 31 68 1 17 21 32 8 31 7 68 1 17 83 65 73 55 21 32 81 8 31 7 68 1 17 21 32 8 7 31 68 1 17 61 70 43 39 34 74 41 76 21 32 8 7 31 68 1 17 21 32 8 7 31 68 1 17 34 74 6 26 90 47 21 32 57 41 
1 17 26 22 57 63 86 50 46 56 55 78 43 44 20 21 32 8 7 31 68 1 17 5 50 46 83 56 65 73 55 81 21 32 8 7 31 68 1 17 61 70 43 39 20 21 32 8 7 31 68 1 17 21 32 8 7 31 68 1 17 83 55 43 5 50 46 74 41 6 26 90 47 57 86 21 32 8 31 7 68 6 
1 17 26 57 22 63 86 50 55 78 46 74 56 43 44 20 88 21 32 8 7 31 68 41 1 17 76 21 32 8 7 31 68 1 17 21 32 8 31 7 68 1 17 21 32 8 31 7 68 1 17 21 32 8 7 31 68 1 17 34 74 83 65 73 55 81 41 76 61 70 43 39 20 34 74 41 76 21 32 8 7 31 68 1 17 21 32 8 7 31 68 1 21 17 32 8 31 7 68 1 17 21 32 8 7 31 68 1 21 17 32 8 31 7 68 1 17 21 32 8 31 7 68 1 17 21 32 8 31 7 68 1 17 21 32 8 31 7 68 1 17 83 80 55 78 34 74 43 44 41 5 76 50 34 46 74 56 41 5 50 46 6 26 90 47 21 32 57 8 31 86 7 68 6 
26 62 87 22 63 74 57 79 53 86 41 76 50 46 56 34 74 55 41 43 76 20 8 31 7 68 1 17 21 32 8 7 31 68 1 21 17 32 8 31 7 68 1 17 34 74 83 73 55 41 65 76 81 61 70 43 39 20 21 32 8 7 31 68 1 17 83 55 43 5 50 34 74 46 6 26 90 47 21 32 57 8 31 86 41 7 68 6 
1 17 26 57 22 63 86 50 55 78 46 74 56 43 44 20 41 76 21 32 8 31 7 68 1 17 21 32 8 7 31 68 1 17 21 32 8 7 31 68 1 21 17 32 8 7 31 68 1 17 21 32 8 31 7 68 1 21 17 32 8 31 7 68 1 21 17 32 8 31 7 68 1 17 5 50 46 83 56 65 73 55 81 21 32 8 7 31 68 1 17 61 70 43 39 34 74 21 32 41 8 7 31 68 76 1 17 21 32 8 31 7 68 1 21 17 32 8 31 7 68 1 17 21 32 8 31 7 68 1 17 21 32 8 31 7 68 1 17 21 32 8 31 7 68 1 17 21 32 8 31 7 68 1 17 5 50 34 46 74 6 41 26 90 47 21 32 57 
1 17 26 74 22 63 57 86 41 76 50 55 78 46 56 44 43 20 21 32 8 31 7 68 1 17 21 32 8 31 7 68 1 17 21 32 8 31 7 68 1 17 34 74 83 65 73 55 81 41 76 61 70 43 39 34 74 41 76 21 32 8 7 31 68 1 17 21 32 8 7 31 68 1 17 5 50 34 46 74 41 6 26 90 47 21 32 57 8 31 86 7 68 6 
1 17 26 57 22 63 86 50 46 56 55 78 44 88 43 20 21 32 8 7 31 68 1 21 17 32 8 7 31 68 1 21 17 32 8 7 31 68 1 21 17 32 8 7 31 68 1 17 21 32 8 31 7 68 1 17 21 32 8 31 7 68 1 17 21 32 8 31 7 68 1 21 17 32 8 7 31 68 1 17 21 32 8 31 7 68 1 17 21 32 8 31 7 68 1 17 21 32 8 31 7 68 1 17 83 65 73 55 81 21 32 8 7 31 68 1 17 61 70 43 39 20 74 41 76 21 32 8 7 31 68 1 17 21 32 8 7 31 68 1 17 21 32 8 7 31 68 1 17 83 80 55 78 5 43 44 50 34 46 74 6 26 90 47 21 32 57 41 
1 17 26 22 63 57 86 74 41 50 46 56 55 78 43 44 20 62 79 13 21 32 8 7 31 68 1 21 17 32 8 7 31 68 1 17 21 32 8 7 31 68 1 17 5 50 83 45 46 65 73 55 81 62 87 56 53 79 61 70 43 39 5 50 46 56 21 32 8 31 7 68 1 17 21 32 8 7 31 68 1 17 5 50 46 6 26 90 47 21 32 57 8 31 86 7 68 6 
1 17 26 22 63 47 75 29 9 51 16 2 63 57 86 50 55 46 56 43 20 21 32 8 31 7 68 1 17 21 32 8 31 7 68 1 17 21 32 8 31 7 68 1 17 83 73 55 65 81 39 61 70 43 5 50 46 56 21 32 8 31 7 68 1 17 21 32 8 7 31 68 1 17 21 32 8 31 7 68 1 17 5 50 46 6 26 90 47 21 32 57 8 31 7 68 
1 17 26 57 22 63 86 50 46 56 21 32 8 31 7 68 1 21 17 32 8 7 31 68 1 17 73 55 65 81 67 54 25 66 77 64 69 11 54 25 85 92 66 64 67 11 54 25 61 70 43 39 20 74 41 76 21 32 8 7 31 68 1 17 83 55 78 43 44 34 74 41 5 50 46 6 26 90 47 21 32 57 8 31 86 7 68 6 
26 22 16 2 57 63 86 50 55 62 87 46 56 43 79 53 20 8 7 31 68 1 17 21 32 8 7 31 68 1 17 83 65 73 55 81 67 54 25 77 11 69 39 61 70 43 21 32 8 7 31 68 1 17 5 50 46 21 32 8 7 31 68 1 17 6 26 90 47 21 32 57 8 31 86 7 68 6 
1 17 26 22 63 57 86 50 46 74 56 41 5 76 50 34 46 74 56 41 21 32 76 8 7 31 68 1 17 21 32 8 31 7 68 1 17 21 32 8 31 7 68 1 17 21 32 8 7 31 68 1 17 21 32 8 31 7 68 1 17 21 32 8 31 7 68 1 17 34 74 73 55 65 81 41 76 21 32 8 7 31 68 1 17 21 32 8 31 7 68 1 17 39 61 70 43 5 50 46 56 21 32 8 7 31 68 1 17 5 50 34 46 6 26 90 47 21 32 57 8 31 86 7 68 6 
1 17 26 76 22 63 57 86 50 34 46 74 56 55 41 76 43 20 21 32 8 7 31 68 1 17 21 32 8 31 7 68 1 21 17 32 8 31 7 68 1 17 21 32 8 31 7 68 1 17 21 32 8 31 7 68 1 17 5 50 83 65 73 55 81 46 56 67 11 54 25 61 39 70 43 21 32 8 7 31 68 1 17 21 32 8 31 7 68 1 17 21 32 8 31 7 68 1 17 5 50 34 46 74 6 26 90 47 21 32 57 8 31 86 41 7 68 6 
1 17 26 57 22 63 86 50 46 56 21 32 8 7 31 68 1 21 17 32 8 31 7 68 1 17 21 32 8 7 31 68 1 21 17 32 8 31 7 68 1 17 74 65 73 55 41 76 81 21 32 8 31 7 68 1 17 67 77 69 11 54 25 61 70 43 39 21 32 8 31 7 68 1 17 21 32 8 7 31 68 1 17 21 32 8 7 31 68 1 21 17 32 8 7 31 68 1 17 21 32 8 31 7 68 1 17 34 74 41 5 76 50 34 46 74 6 26 90 47 57 21 32 41 
1 17 26 22 63 57 86 50 46 56 21 32 8 31 7 68 1 17 21 32 8 31 7 68 1 17 21 32 8 7 31 68 1 21 17 32 8 31 7 68 1 17 21 32 8 31 7 68 1 17 5 50 73 55 65 81 46 56 67 11 77 69 85 93 92 67 54 25 24 11 77 69 61 70 43 39 20 21 32 8 7 31 68 1 17 21 32 8 31 7 68 1 17 21 32 8 31 7 68 1 17 21 32 8 31 7 68 1 17 21 32 8 31 7 68 1 17 21 32 8 31 7 68 1 17 83 55 78 43 44 5 50 46 6 26 90 47 57 21 32 86 8 31 7 68 6 
1 17 26 57 22 63 86 50 46 56 21 32 8 7 31 68 1 17 21 32 8 7 31 68 1 21 17 32 8 31 7 68 1 17 21 32 8 7 31 68 1 17 21 32 8 31 7 68 1 17 65 73 55 81 21 32 8 31 7 68 1 17 61 39 70 43 74 41 21 32 8 31 7 68 1 21 17 32 8 7 31 68 1 17 21 32 8 7 31 68 1 17 21 32 8 31 7 68 1 17 5 50 46 6 26 90 47 21 32 57 8 31 86 7 68 6 
1 17 26 22 75 9 63 57 86 50 55 78 44 46 56 43 20 21 32 8 7 31 68 1 21 17 32 8 7 31 68 1 17 83 65 73 55 81 61 39 70 43 21 32 8 31 7 68 1 21 17 32 8 31 7 68 1 21 17 32 8 31 7 68 1 17 21 32 8 31 7 68 1 17 21 32 8 31 7 68 1 17 21 32 8 31 7 68 1 17 5 50 46 6 26 90 47 57 21 32 8 31 7 68 
1 17 26 57 22 63 86 50 46 56 21 32 8 31 7 68 1 17 21 32 8 7 31 68 1 17 21 32 8 7 31 68 1 17 21 32 8 7 31 68 1 17 5 50 46 73 55 56 65 81 21 32 8 7 31 68 1 17 21 32 8 7 31 68 1 17 39 61 70 43 20 74 41 76 21 32 8 7 31 68 1 21 17 32 8 31 7 68 1 17 21 32 8 31 7 68 1 17 83 55 78 43 44 5 50 34 46 74 56 41 5 50 46 6 26 90 47 21 32 57 8 31 86 7 68 6 
1 17 26 22 57 63 86 50 46 56 21 32 8 7 31 68 1 21 17 32 8 7 31 68 1 17 21 32 8 31 7 68 1 17 21 32 8 31 7 68 1 17 5 50 46 65 73 55 81 56 61 39 70 43 5 50 46 56 21 32 8 7 31 68 1 17 21 32 8 31 7 68 1 17 21 32 8 7 31 68 1 21 17 32 8 7 31 68 1 17 21 32 8 7 31 68 1 17 21 32 8 31 7 68 1 17 5 50 46 6 26 90 47 21 32 57 8 31 7 68 
1 17 26 57 22 63 86 74 41 76 50 46 56 21 32 8 31 7 68 1 17 21 32 8 7 31 68 1 17 21 32 8 31 7 68 1 21 17 32 8 7 31 68 1 17 21 32 8 31 7 68 1 21 17 32 8 31 7 68 1 21 17 32 8 31 7 68 1 17 21 32 8 7 31 68 1 17 21 32 8 7 31 68 1 21 17 32 8 31 7 68 1 21 17 32 8 31 7 68 1 21 17 32 8 7 31 68 1 21 17 32 8 31 7 68 1 17 21 32 8 31 7 68 1 21 17 32 8 31 7 68 1 17 21 32 8 31 7 68 1 17 34 74 41 76 65 73 55 81 39 61 70 43 34 74 41 21 32 8 7 31 68 1 17 21 32 8 7 31 68 1 17 21 32 8 7 31 68 1 21 17 32 8 7 31 68 1 17 5 50 46 6 26 90 47 21 32 57 8 31 86 7 68 6 
1 17 26 22 74 63 57 86 41 76 50 55 78 46 56 44 43 20 21 32 8 7 31 68 1 17 21 32 8 7 31 68 1 21 17 32 8 31 7 68 1 17 21 32 8 7 31 68 1 17 21 32 8 31 7 68 1 17 34 74 83 73 55 65 81 41 76 61 39 70 43 20 62 79 34 74 41 76 21 32 8 31 7 68 1 17 21 32 8 31 7 68 1 17 21 32 8 7 31 68 1 17 83 55 43 5 50 34 46 74 41 6 26 90 47 21 32 57 8 31 86 7 68 6 
1 17 26 57 22 63 86 50 46 56 21 32 8 7 31 68 1 17 21 32 8 7 31 68 1 17 21 32 8 7 31 68 1 17 74 65 73 55 81 41 76 39 61 70 43 21 32 8 31 7 68 1 21 17 32 8 31 7 68 1 21 17 32 8 7 31 68 1 17 21 32 8 7 31 68 1 21 17 32 8 31 7 68 1 17 21 32 8 31 7 68 1 17 21 32 8 31 7 68 1 17 21 32 8 31 7 68 1 17 5 50 34 46 6 26 47 90 21 32 57 8 31 86 7 68 6 
1 17 26 22 57 63 86 50 46 56 21 32 8 31 7 68 1 17 21 32 8 7 31 68 1 17 21 32 8 7 31 68 1 21 17 32 8 31 7 68 1 17 21 32 8 31 7 68 1 17 21 32 8 31 7 68 1 17 21 32 8 31 7 68 1 17 73 55 65 81 21 32 8 7 31 68 1 17 39 61 70 43 5 50 46 56 21 32 8 7 31 68 1 21 17 32 8 7 31 68 1 17 21 32 8 31 7 68 1 17 21 32 8 7 31 68 1 17 5 50 46 6 26 90 47 21 32 57 8 31 86 7 68 6 
1 17 26 57 86 22 63 50 55 46 43 56 20 21 32 8 7 31 68 1 17 21 32 8 31 7 68 1 17 21 32 8 7 31 68 1 17 74 83 73 55 65 81 41 76 61 70 43 39 20 34 74 41 21 32 8 7 31 68 1 17 21 32 8 7 31 68 1 17 21 32 8 31 7 68 1 17 83 55 78 43 44 5 50 46 6 26 90 47 21 32 8 31 57 86 7 68 6 
1 17 26 22 57 63 86 74 41 76 50 55 78 46 56 43 44 20 21 32 8 31 7 68 1 17 21 32 8 31 7 68 1 17 21 32 8 31 7 68 1 17 5 50 46 83 56 73 55 65 81 39 61 70 43 5 50 46 56 21 32 8 31 7 68 1 17 21 32 8 31 7 68 1 17 21 32 8 31 7 68 1 17 5 50 34 46 6 26 90 47 21 32 57 8 31 86 7 68 6 
1 17 26 57 22 63 86 76 50 55 78 43 44 46 20 88 56 21 32 8 7 31 68 1 17 34 74 83 65 73 55 81 41 76 21 32 8 7 31 68 1 17 61 70 43 39 34 20 74 41 76 21 32 8 31 7 68 1 17 83 80 55 78 44 43 5 50 34 46 6 26 90 47 57 21 32 86 8 31 7 68 6 
1 17 26 57 22 63 86 50 55 78 46 56 43 44 20 21 32 8 7 31 68 1 17 21 32 8 31 7 68 1 21 17 32 8 31 7 68 1 17 21 32 8 7 31 68 1 17 21 32 8 31 7 68 1 17 21 32 8 31 7 68 1 17 62 21 32 8 31 79 13 7 68 1 17 21 32 8 31 7 68 1 17 21 32 8 7 31 68 1 17 21 32 8 7 31 68 1 17 83 45 65 73 55 81 62 87 79 53 39 61 70 43 5 50 46 56 21 32 8 7 31 68 1 17 21 32 8 31 7 68 1 17 21 32 8 7 31 68 1 17 21 32 8 7 31 68 1 17 21 32 8 31 7 68 1 17 5 50 46 6 26 90 47 57 86 21 32 8 31 7 68 6 
1 17 26 57 22 63 86 74 41 76 50 34 46 74 56 41 5 76 50 55 78 46 44 56 43 20 21 32 8 7 31 68 1 17 21 32 8 7 31 68 1 21 17 32 8 7 31 68 1 17 21 32 8 7 31 68 1 17 21 32 8 31 7 68 1 17 34 74 83 65 73 55 81 41 76 21 32 8 7 31 68 1 17 21 32 8 31 7 68 1 17 61 39 34 70 43 74 41 76 21 32 8 7 31 68 1 17 21 32 8 31 7 68 1 17 21 32 8 31 7 68 1 21 17 32 8 7 31 68 1 17 21 32 8 7 31 68 1 17 21 32 8 7 31 68 1 17 21 32 8 7 31 68 1 17 34 74 41 5 76 50 46 34 6 26 90 47 21 32 57 
1 17 26 57 22 63 86 50 55 78 46 56 44 88 43 20 83 80 55 78 43 44 20 21 32 8 7 31 68 1 21 17 32 8 31 7 68 1 17 21 32 8 31 7 68 1 21 17 32 8 7 31 68 1 17 83 65 73 55 81 61 39 70 43 5 50 46 56 21 32 8 31 7 68 1 21 17 32 8 31 7 68 1 17 21 32 8 7 31 68 1 17 21 32 8 31 7 68 1 17 5 50 46 6 26 90 47 21 32 57 8 31 86 7 68 6 
1 17 26 57 22 63 86 74 41 76 50 55 78 46 56 43 44 21 32 20 8 31 7 68 1 21 17 32 8 7 31 68 1 21 17 32 8 31 7 68 1 17 21 32 8 31 7 68 1 17 21 32 8 7 31 68 1 17 21 32 8 31 7 68 1 17 34 74 83 65 73 55 81 41 21 32 76 8 31 7 68 1 21 17 32 8 7 31 68 1 21 17 32 8 7 31 68 1 17 39 61 70 43 34 74 41 76 21 32 8 7 31 68 1 17 21 32 8 7 31 68 1 21 17 32 8 7 31 68 1 17 21 32 8 31 7 68 1 17 21 32 8 31 7 68 1 17 21 32 8 31 7 68 1 17 5 50 34 46 6 26 90 47 21 32 57 8 31 86 7 68 6 
26 22 63 90 52 91 57 22 86 76 50 55 78 46 56 43 44 20 88 83 80 55 78 43 44 20 88 8 31 7 68 1 17 21 32 8 7 31 68 1 17 21 32 8 31 7 68 1 17 83 65 73 55 81 62 39 61 70 43 20 79 21 32 8 7 31 68 1 17 21 32 8 7 31 68 1 21 17 32 8 7 31 68 1 17 21 32 8 7 31 68 1 17 21 32 8 31 7 68 1 17 83 80 55 78 5 43 44 50 46 34 74 6 26 90 47 21 32 57 8 31 86 41 7 68 6 
1 17 26 22 63 57 86 50 55 78 46 74 56 44 88 43 20 41 76 21 32 8 7 31 68 1 17 34 74 65 83 73 55 41 81 76 21 32 8 7 31 68 1 17 21 32 8 7 31 68 1 17 21 32 8 31 7 68 1 17 61 39 70 43 20 21 32 8 7 31 68 1 17 21 32 8 7 31 68 1 17 83 80 55 78 43 44 5 50 34 46 6 26 47 57 90 21 32 86 8 31 7 68 6 
1 17 26 22 16 2 90 63 57 52 91 86 22 76 50 55 78 46 56 44 88 43 20 21 32 8 7 31 68 1 17 62 34 74 79 13 41 76 83 65 73 55 81 45 62 87 61 70 39 53 43 20 79 13 34 74 83 55 41 43 45 20 62 79 21 32 8 31 7 68 1 17 21 32 8 7 31 68 1 17 21 32 8 31 7 68 1 17 83 80 55 78 5 50 43 44 46 6 26 47 57 90 21 32 86 8 31 7 68 6 
1 17 26 57 22 63 86 74 62 41 76 50 79 13 45 62 55 78 79 46 13 56 43 44 20 88 21 32 8 7 31 68 1 17 21 32 8 7 31 68 1 17 65 83 73 55 81 21 32 8 31 7 68 1 21 17 32 45 8 7 31 68 62 87 1 17 21 32 8 7 31 68 1 17 61 70 43 39 20 34 53 74 79 13 41 76 21 32 8 7 31 68 1 17 21 32 8 7 31 68 1 21 17 32 8 7 31 68 1 17 83 80 55 78 45 62 5 50 43 44 79 34 46 74 6 26 90 47 21 32 57 8 31 86 41 7 68 6 
1 17 26 57 22 86 63 50 55 78 46 56 44 43 20 21 32 8 7 31 68 1 17 21 32 8 7 31 68 1 17 21 32 8 31 7 68 1 17 21 32 8 31 7 68 1 17 21 32 8 31 7 68 1 21 17 32 8 7 31 68 1 17 5 50 46 83 56 65 73 55 81 62 87 61 39 70 43 20 79 53 83 55 43 20 21 32 8 31 7 68 1 17 21 32 8 31 7 68 1 17 21 32 8 31 7 68 1 17 21 32 8 31 7 68 1 17 21 32 8 31 7 68 1 17 83 55 5 43 50 46 6 26 90 47 57 86 21 32 8 31 7 68 6 
1 17 26 57 22 86 63 74 41 76 50 55 78 34 46 74 56 43 44 20 88 41 76 21 32 8 7 31 68 1 21 17 32 8 7 31 68 1 17 21 32 8 7 31 68 1 17 62 87 83 65 73 55 81 21 32 79 53 8 7 31 68 1 21 17 32 8 7 31 68 1 17 61 70 43 39 34 20 74 83 55 41 43 76 20 21 32 8 7 31 68 1 17 21 32 8 7 31 68 1 17 21 32 8 7 31 68 1 21 17 32 8 7 31 68 1 17 21 32 8 31 7 68 1 17 21 32 8 31 7 68 1 17 21 32 8 31 7 68 1 17 83 80 55 78 34 74 43 44 41 5 76 50 46 34 74 6 26 90 47 21 32 57 41 
1 17 22 63 26 57 86 62 87 74 79 53 90 52 91 22 41 21 32 8 7 31 68 1 17 6 26 90 47 21 32 57 8 31 7 68 
1 17 26 57 22 63 86 62 87 74 53 79 90 47 52 29 91 51 22 63 41 50 46 6 26 47 21 32 57 90 23 48 8 31 7 68 
1 17 26 22 90 63 47 52 91 29 51 57 22 63 86 74 41 76 21 32 8 31 62 87 7 68 1 17 21 32 8 7 31 68 1 17 34 74 79 53 41 90 76 52 91 22 34 74 41 6 26 90 47 57 21 32 86 8 31 7 68 6 
1 17 26 57 22 63 86 21 32 8 31 7 68 1 17 62 87 74 79 53 47 90 29 52 21 32 41 8 7 31 68 1 17 51 91 63 22 50 46 6 26 90 47 21 32 57 
1 17 26 57 22 63 86 62 21 32 8 31 87 7 68 1 21 17 32 8 7 31 68 1 17 74 41 90 21 76 52 8 7 1 79 53 91 22 34 74 41 76 50 34 46 74 41 21 32 8 7 31 68 1 17 6 26 90 47 21 32 57 8 31 7 68 
1 17 26 57 22 63 86 62 87 74 53 79 90 47 52 29 91 51 22 63 41 50 46 6 26 90 47 21 32 57 8 31 86 7 68 6 
1 17 26 22 16 2 63 57 86 74 41 76 50 46 62 87 55 78 43 44 21 32 8 7 31 68 1 17 34 74 79 53 41 76 34 74 41 6 26 90 47 57 21 32 8 31 7 68 
1 17 26 57 22 63 86 62 87 74 53 79 41 50 46 6 26 90 47 57 21 32 
1 17 26 22 63 57 86 62 87 74 41 76 50 46 56 90 52 91 22 79 53 34 74 41 5 50 46 6 26 90 47 57 21 32 86 8 31 7 68 6 
1 17 26 57 22 63 86 62 87 74 53 90 79 52 47 29 41 91 51 22 63 50 46 6 26 47 90 57 21 32 86 8 31 7 68 6 
26 22 63 57 86 62 87 8 7 31 68 1 17 21 32 8 31 7 68 1 17 74 79 53 90 41 52 76 91 22 34 74 41 50 46 6 26 47 90 23 48 21 32 57 
1 17 26 22 63 57 86 74 62 87 79 53 90 47 52 29 21 32 41 8 7 31 68 1 17 91 51 22 63 50 46 6 26 90 47 21 32 57 8 31 7 68 
1 17 26 22 63 57 86 62 87 21 32 8 7 31 68 55 78 1 21 17 32 8 31 7 68 1 21 17 32 8 7 31 68 1 17 43 44 79 53 13 84 74 45 37 62 87 79 53 41 21 32 8 7 31 68 1 21 17 32 8 31 7 68 1 17 50 46 6 26 90 47 21 32 57 8 31 7 68 1 21 17 32 
1 17 26 57 86 22 63 50 46 56 62 87 74 41 79 53 76 90 52 91 22 34 74 41 5 50 46 6 26 90 47 21 32 57 8 31 86 7 68 6 
26 22 63 57 86 50 55 62 87 46 78 8 7 31 68 1 17 21 32 8 7 31 68 1 17 21 32 8 7 31 68 1 17 43 44 53 84 74 37 87 90 52 79 53 91 22 41 6 26 90 47 21 32 57 8 31 7 68 
1 17 26 57 22 63 86 90 52 91 22 74 62 90 47 52 29 21 32 8 7 31 68 41 1 17 91 51 79 22 63 50 46 6 26 90 47 57 21 32 86 8 31 7 68 6 
26 22 90 52 91 63 57 22 86 74 41 76 50 62 87 46 55 78 53 84 43 44 37 87 34 74 41 76 34 74 79 53 6 41 26 90 47 57 
1 17 26 57 22 63 86 21 32 8 7 31 68 1 17 21 32 8 31 7 68 1 17 21 32 8 31 7 68 1 17 74 55 43 90 47 21 32 52 29 8 7 31 68 1 21 17 32 41 8 31 76 7 68 1 17 51 91 63 22 34 74 41 76 50 34 46 74 6 26 90 47 21 32 57 8 31 86 41 7 68 6 
1 17 26 22 63 57 86 55 74 41 43 76 62 34 79 74 13 45 62 87 41 76 90 52 53 91 22 90 52 91 79 22 34 74 6 26 90 47 21 32 57 8 31 86 41 7 68 6 
1 17 26 57 86 22 63 62 50 46 56 90 52 91 22 90 52 91 22 90 79 52 13 91 22 90 52 91 22 45 62 87 74 90 47 21 32 52 29 8 7 31 68 41 1 17 76 79 53 91 51 22 63 34 74 41 5 76 50 34 46 6 26 90 47 21 32 57 8 31 86 7 68 6 
1 17 26 22 63 47 57 4 14 29 51 86 63 76 62 87 53 34 74 79 41 21 32 76 8 7 31 68 1 17 34 74 41 6 26 90 47 21 32 57 8 31 86 7 68 6 
1 17 26 57 22 86 63 50 46 56 74 62 87 90 41 52 21 32 76 8 31 7 68 1 17 79 53 91 22 34 74 41 5 76 50 34 46 74 41 6 26 90 47 57 21 32 86 8 31 7 68 6 
1 17 26 22 57 63 86 62 87 21 32 8 31 7 68 1 21 17 32 8 31 7 68 1 21 17 32 8 7 31 68 79 53 1 17 74 41 90 21 32 52 8 7 31 68 1 17 91 22 50 46 6 26 90 47 21 32 57 8 31 7 68 
1 17 26 22 23 48 57 63 86 74 90 52 91 22 41 76 50 34 46 74 6 26 90 47 21 32 57 8 31 86 41 7 68 6 
1 17 26 22 63 57 86 21 32 8 7 31 68 1 17 21 32 8 31 7 68 1 17 62 74 79 41 76 21 32 8 7 31 68 1 17 34 74 41 50 46 6 26 90 47 21 32 57 8 31 86 7 68 6 
1 17 26 57 22 63 86 62 50 79 46 74 90 21 32 52 8 7 31 68 1 17 91 22 6 26 90 47 21 32 57 8 31 86 41 7 68 6 
1 17 26 22 63 57 86 74 62 87 73 55 79 53 41 76 70 43 34 74 41 6 26 90 47 21 32 57 8 31 86 7 68 6 
1 17 26 57 22 63 86 74 90 52 47 21 32 41 29 8 31 76 7 68 1 21 17 32 8 31 7 68 1 17 91 51 34 22 63 74 41 6 26 90 47 21 32 57 8 31 86 7 68 6 
1 17 26 22 63 74 57 86 41 76 21 32 8 31 7 68 1 17 21 32 8 31 55 78 7 68 1 17 43 44 34 74 41 21 32 76 8 31 7 68 1 17 34 74 41 50 46 6 26 90 47 21 32 57 8 31 86 7 68 6 
1 17 26 57 86 22 63 74 41 90 76 52 47 29 21 32 8 7 31 68 1 17 21 32 8 7 31 68 1 17 51 91 63 22 34 74 41 6 26 90 47 21 32 57 8 31 86 7 68 6 
26 22 63 57 86 8 31 7 68 1 17 74 62 41 79 50 46 6 26 90 47 21 32 57 8 31 7 68 
1 17 26 57 22 63 86 50 46 56 21 32 8 7 31 68 1 17 74 90 47 52 29 51 91 63 22 41 5 76 50 34 46 74 6 26 90 47 21 32 57 8 31 86 7 68 41 6 
26 22 63 57 86 8 7 31 68 1 17 74 41 76 34 74 41 50 46 6 26 90 47 57 21 32 86 8 7 31 68 1 21 17 32 8 31 7 68 6 
1 17 26 57 22 63 86 50 46 56 90 52 21 32 8 31 7 68 1 17 91 22 74 90 47 52 29 51 63 47 41 29 21 32 76 8 7 31 68 1 17 91 51 34 22 63 74 41 5 76 50 62 34 46 74 6 26 79 90 47 21 32 57 8 31 86 41 7 68 6 
1 17 26 22 63 57 86 21 32 8 31 7 68 1 17 74 41 76 50 46 56 90 52 91 22 5 50 34 46 74 75 9 6 26 90 47 21 32 57 41 
1 17 26 57 22 63 86 50 46 56 5 50 62 46 74 56 79 41 76 21 32 8 31 7 68 1 17 5 50 34 46 6 26 47 90 21 32 57 8 31 86 7 68 6 
1 17 26 22 63 57 86 76 50 46 56 21 32 8 7 31 68 1 17 5 50 34 46 74 56 90 62 52 41 76 91 79 22 34 74 41 5 50 46 6 26 90 47 57 86 21 32 8 7 31 68 6 
1 17 26 57 22 63 86 21 32 8 31 7 68 1 17 74 62 90 47 52 29 79 41 76 21 32 8 7 31 68 1 17 91 51 22 63 50 34 46 74 6 26 90 47 21 32 57 8 31 86 7 68 41 6 
26 22 63 57 86 50 46 74 41 8 31 76 7 68 1 17 90 21 32 52 8 7 31 68 1 17 91 22 34 74 6 41 26 90 47 57 21 32 86 8 31 7 68 6 
1 17 26 57 86 22 63 74 41 76 34 74 90 47 52 29 41 21 32 76 8 31 7 68 1 17 91 51 22 63 50 34 46 6 26 57 90 47 21 32 86 8 31 7 68 6 
1 17 26 22 16 2 63 57 86 76 50 46 62 34 74 87 79 53 41 21 32 76 8 31 7 68 1 17 34 74 41 6 26 90 47 52 91 22 90 21 32 57 8 31 86 7 68 6 
1 17 26 57 22 63 86 50 46 74 56 90 52 41 76 47 21 32 29 51 8 31 63 7 68 1 21 17 32 47 8 31 29 7 68 1 17 91 51 22 63 34 74 90 52 47 29 41 76 91 51 62 87 22 63 34 74 79 53 5 41 50 46 6 26 90 47 21 32 57 8 7 31 68 86 1 21 17 32 8 31 7 68 6 
1 17 26 22 16 2 74 63 57 86 41 76 62 21 32 8 7 31 68 1 17 79 34 74 41 76 34 74 41 76 34 74 41 50 46 6 26 90 47 21 32 57 8 31 86 7 68 6 
1 17 26 57 22 63 86 50 55 46 56 90 47 52 29 0 21 32 8 31 7 68 1 17 19 91 51 43 22 63 74 90 47 52 29 41 76 21 32 8 7 31 68 1 17 21 32 8 7 31 68 1 17 91 51 34 22 63 74 5 41 50 76 34 46 6 26 90 47 21 32 57 8 31 86 7 68 6 
26 22 16 2 90 63 47 57 52 91 29 51 86 22 63 76 50 46 56 8 31 7 68 1 21 17 32 8 7 31 68 1 17 55 43 34 74 41 5 50 46 6 26 90 47 21 32 57 8 31 86 7 68 6 
1 17 26 57 22 63 86 50 62 46 56 79 13 21 32 8 7 31 68 1 21 17 32 8 7 31 68 1 17 21 32 8 7 31 68 1 17 21 32 8 7 31 68 1 21 17 32 8 7 31 68 1 17 5 50 46 56 74 41 76 45 62 87 90 52 47 29 79 53 91 51 22 63 34 74 41 5 76 50 34 74 46 6 41 26 90 47 21 32 57 8 31 86 7 68 6 
1 17 26 22 16 2 74 63 57 86 41 76 62 87 53 79 13 45 62 34 74 79 41 76 50 34 46 74 56 41 76 34 74 41 5 50 46 6 26 90 47 57 21 32 
1 17 26 57 22 63 86 62 87 21 8 7 1 21 32 53 8 7 31 68 1 17 79 74 90 47 52 29 41 21 32 76 8 7 31 68 1 17 91 51 22 63 34 74 41 76 50 46 34 74 6 26 41 90 47 21 32 57 8 31 86 7 68 6 
1 17 26 22 16 2 90 63 47 57 52 91 29 51 86 22 63 50 46 56 21 32 8 7 31 68 1 17 62 21 32 8 7 31 68 1 21 17 32 79 8 7 31 68 1 17 21 32 8 31 7 68 1 17 74 21 32 41 8 31 76 7 68 1 17 34 74 41 5 50 46 6 26 90 47 21 32 57 8 31 86 7 68 6 
1 17 26 57 22 63 86 55 78 74 90 47 52 29 21 32 41 8 31 76 7 68 1 17 21 32 8 31 7 68 1 17 91 51 22 63 43 44 20 83 55 50 43 34 46 74 90 52 91 22 41 76 34 74 41 76 34 74 41 6 26 90 47 21 32 57 
1 17 26 22 63 57 86 55 74 78 41 76 21 32 8 7 31 68 1 21 17 32 8 31 7 68 1 17 21 32 8 7 31 68 1 17 43 44 20 88 21 32 8 31 7 68 1 17 21 32 8 7 31 68 1 17 83 55 34 74 43 41 20 76 50 34 46 74 56 83 55 43 20 41 21 32 8 31 7 68 1 17 83 80 55 78 43 44 5 50 46 6 26 90 47 21 32 57 
1 17 26 57 22 63 86 74 41 76 50 34 46 74 56 55 78 41 76 21 32 8 31 7 68 1 17 21 32 8 31 7 68 1 17 43 44 20 88 21 32 8 31 7 68 1 17 21 32 8 7 31 68 1 21 17 32 8 7 31 68 1 17 21 32 8 31 7 68 1 17 83 80 55 78 34 74 43 44 41 5 20 88 76 50 34 46 74 56 41 76 21 32 8 7 31 68 1 17 21 32 8 31 7 68 1 17 21 32 8 7 31 68 1 17 83 80 55 78 5 50 43 44 34 46 74 41 6 26 90 47 21 32 57 
1 17 26 22 63 57 86 50 46 56 55 78 21 32 8 31 7 68 1 17 43 44 20 88 21 32 8 7 31 68 1 17 83 80 55 78 43 44 20 88 74 41 21 32 76 8 31 7 68 1 17 21 32 8 7 31 68 1 17 21 32 8 7 31 68 1 17 21 32 8 7 31 68 1 17 83 80 55 78 43 44 5 50 46 34 74 41 6 26 90 52 91 47 21 32 57 22 90 23 48 
1 17 26 57 22 63 86 50 46 74 56 41 76 21 32 8 31 7 68 1 17 21 32 8 31 7 68 1 17 21 32 8 31 7 68 1 17 55 5 50 43 20 34 46 74 56 83 55 41 43 20 21 32 8 31 7 68 1 17 21 32 8 31 7 68 1 17 21 32 8 31 7 68 1 17 83 55 78 5 50 43 44 46 6 26 90 47 21 32 57 
1 17 26 22 63 57 86 50 46 56 55 78 44 88 43 20 21 32 8 31 7 68 1 17 21 32 8 31 7 68 1 17 83 55 5 43 50 20 46 56 83 55 43 20 21 32 8 31 7 68 1 17 21 32 8 31 7 68 1 17 83 80 55 78 5 43 44 50 46 6 26 90 47 21 32 57 
1 17 26 57 22 63 86 74 55 78 41 76 21 32 8 7 31 68 1 17 21 32 8 31 7 68 1 17 43 44 20 88 21 32 8 7 31 68 1 17 21 32 8 7 31 68 1 17 21 32 8 7 31 68 1 21 17 32 8 7 31 68 1 17 21 32 8 7 31 68 1 17 83 80 55 78 34 44 74 88 43 20 41 21 32 8 7 31 68 1 17 21 32 8 7 31 68 1 17 83 80 55 78 43 44 50 46 6 26 90 47 57 21 32 
1 17 26 22 57 75 9 63 86 50 46 56 55 78 21 32 8 7 31 68 1 17 21 32 8 7 31 68 1 17 43 44 20 88 21 32 8 31 7 68 1 17 21 32 8 7 31 68 1 17 74 83 55 43 20 41 76 21 32 8 7 31 68 1 17 21 32 8 31 7 68 1 17 83 80 55 78 43 44 5 50 46 56 34 74 5 41 50 46 6 26 90 47 21 32 57 
1 17 26 57 22 63 86 50 46 56 55 78 21 32 8 7 31 68 1 17 21 32 8 7 31 68 1 17 21 32 8 7 31 68 1 17 43 44 20 88 21 32 8 7 31 68 1 17 21 32 8 7 31 68 1 17 83 80 55 78 5 50 43 44 20 88 46 74 56 41 21 32 8 7 31 68 1 17 83 80 55 78 5 50 43 44 46 6 26 90 47 57 86 21 32 8 31 7 68 6 
26 22 63 57 86 50 46 56 55 78 8 7 31 68 1 17 21 32 8 7 31 68 1 21 17 32 8 7 31 68 1 17 43 44 20 88 21 32 8 31 7 68 1 17 83 80 55 78 74 43 44 20 88 41 76 34 74 41 21 32 8 7 31 68 1 17 21 32 8 7 31 68 1 17 83 80 55 78 43 44 5 50 46 6 26 90 47 21 32 57 
1 17 26 57 22 63 86 50 55 46 78 56 21 32 8 31 7 68 1 17 21 32 8 31 7 68 1 17 21 32 8 7 31 68 1 17 43 44 20 88 21 32 8 7 31 68 1 17 83 80 55 78 5 43 44 50 20 88 46 74 56 41 21 32 8 7 31 68 1 17 21 32 8 7 31 68 1 17 21 32 8 7 31 68 1 17 83 80 55 78 5 50 43 44 46 6 26 90 47 21 32 57 8 31 7 68 1 21 17 32 
8 7 31 68 1 17 26 22 63 57 86 55 74 75 9 49 78 41 76 23 48 58 6 26 57 86 44 88 6 26 57 86 10 36 23 48 43 75 9 20 90 52 91 22 6 26 57 86 83 55 43 50 20 46 56 34 74 41 21 32 8 7 31 68 1 17 21 32 8 31 7 68 1 17 21 32 8 31 7 68 1 17 21 32 8 31 7 68 1 17 83 80 55 78 43 44 5 50 46 6 26 47 90 21 32 57 
1 17 26 57 22 63 86 50 46 55 78 56 43 44 20 88 21 32 8 7 31 68 1 17 21 32 8 31 7 68 1 17 83 55 5 43 50 20 83 46 55 74 56 43 20 41 21 32 8 7 31 68 1 21 17 32 8 31 7 68 83 80 1 17 55 78 21 32 8 7 31 68 1 21 17 32 8 31 7 68 1 17 43 44 20 88 21 32 8 31 7 68 1 17 21 32 8 31 7 68 1 17 21 32 8 31 7 68 1 17 83 80 55 78 5 43 44 50 46 6 26 90 47 21 32 57 8 31 86 7 68 6 
1 17 26 22 63 47 74 29 51 57 63 86 41 50 55 46 56 78 21 32 8 31 7 68 1 17 43 44 20 88 21 32 8 31 7 68 1 17 5 50 46 56 83 55 43 20 21 32 8 31 7 68 1 17 21 32 8 31 7 68 1 17 21 32 8 7 31 68 1 17 83 80 55 78 43 44 5 50 46 6 26 47 90 21 32 57 8 31 7 68 
1 17 26 57 22 63 86 50 46 56 55 78 21 32 8 7 31 68 1 17 21 32 8 7 31 68 1 17 43 44 20 88 21 32 8 31 7 68 1 17 21 32 8 7 31 68 1 17 21 32 8 31 7 68 1 21 17 32 8 7 31 68 1 17 21 32 8 31 7 68 1 21 17 32 8 31 7 68 1 21 17 32 8 7 31 68 1 17 21 32 8 7 31 68 1 21 17 32 8 7 31 68 1 17 83 55 5 43 50 20 46 74 56 41 21 32 8 31 7 68 1 21 17 32 8 31 7 68 1 17 21 32 8 31 7 68 1 17 21 32 8 31 7 68 1 17 83 80 55 78 5 50 43 44 46 6 26 47 90 21 32 57 8 31 86 7 68 6 
1 17 26 22 63 90 47 52 91 29 51 57 22 63 86 50 46 74 56 55 78 41 76 43 44 20 21 32 8 7 31 68 1 17 21 32 8 31 7 68 1 17 34 74 41 5 50 46 56 21 32 8 31 7 68 1 21 17 32 8 7 31 68 1 17 21 32 8 7 31 68 1 17 21 32 8 31 7 68 1 17 21 32 8 31 7 68 1 17 21 32 8 31 7 68 1 17 83 55 43 5 50 46 6 26 47 90 21 32 57 
1 17 26 57 22 63 86 50 55 78 46 56 21 32 8 7 31 68 1 17 21 32 8 31 7 68 1 17 43 44 20 21 32 8 31 7 68 1 17 21 32 8 7 31 68 1 17 83 55 43 20 5 50 46 74 56 41 76 21 32 8 31 7 68 1 17 21 32 8 7 31 68 1 17 83 55 34 74 43 41 5 76 50 34 46 74 41 6 90 47 26 21 32 57 8 31 86 7 68 6 
26 22 63 57 86 74 41 76 50 46 56 55 78 43 44 8 31 7 68 1 17 21 32 8 7 31 68 1 21 17 32 8 7 31 68 1 17 21 32 8 7 31 68 1 21 17 32 8 31 7 68 1 17 5 50 34 74 46 56 41 76 21 32 8 31 7 68 1 17 21 32 8 7 31 68 1 17 21 32 8 31 7 68 1 17 21 32 8 31 7 68 1 17 5 50 34 46 74 41 6 26 90 47 21 32 57 8 31 86 7 68 6 
1 17 26 57 22 63 86 74 41 76 50 46 56 55 78 21 32 8 31 7 68 1 17 21 32 8 7 31 68 1 21 17 32 8 7 31 68 1 17 43 44 20 88 21 32 8 7 31 68 1 17 21 32 8 7 31 68 1 17 5 50 34 46 74 56 41 76 21 32 8 7 31 68 1 17 21 32 8 7 31 68 1 17 83 80 55 78 43 44 5 50 34 46 74 6 26 90 47 57 21 32 8 31 41 7 68 1 21 17 32 
8 31 7 68 1 17 26 22 63 57 86 74 41 76 21 32 8 7 31 68 1 17 21 32 8 7 31 68 1 17 55 78 21 32 8 7 31 68 1 17 43 44 21 32 8 7 31 68 1 17 21 32 8 31 7 68 1 17 34 74 41 76 21 32 8 7 31 68 1 17 21 32 8 31 7 68 1 17 34 74 41 76 50 34 74 46 41 6 26 90 47 21 32 57 
1 17 26 57 22 63 86 50 55 78 46 56 21 32 8 7 31 68 1 21 17 32 8 7 31 68 1 17 21 32 8 31 7 68 1 21 17 32 8 7 31 68 43 44 1 17 21 32 8 7 31 68 1 17 21 32 8 7 31 68 1 17 21 32 8 31 7 68 1 17 74 41 76 21 32 8 31 7 68 1 17 21 32 8 31 7 68 1 17 5 50 34 46 74 6 26 90 47 21 32 57 8 31 86 41 7 68 6 
1 17 26 22 57 63 86 50 46 56 21 32 8 31 7 68 1 17 21 32 8 7 31 68 1 17 21 32 8 31 7 68 1 21 17 32 8 7 31 68 1 17 21 32 8 31 7 68 1 17 21 32 8 7 31 68 1 21 17 32 8 31 7 68 1 17 5 50 46 74 56 41 21 32 8 31 7 68 1 17 21 32 8 31 7 68 1 21 17 32 8 31 7 68 1 21 17 32 8 31 7 68 1 17 21 32 8 7 31 68 1 17 21 32 8 7 31 68 1 17 21 32 8 31 7 68 1 17 21 32 8 31 7 68 1 17 21 32 8 31 7 68 1 17 5 50 46 6 26 90 47 21 32 57 
1 17 26 57 22 63 86 50 46 74 56 41 76 21 32 8 7 31 68 1 17 21 32 8 31 7 68 1 21 17 32 8 7 31 68 1 17 21 32 8 7 31 68 1 17 21 32 8 7 31 68 1 17 21 32 8 31 7 68 1 17 21 32 8 31 7 68 1 17 34 74 41 5 76 50 46 56 34 74 41 21 32 8 31 7 68 1 21 17 32 8 31 7 68 1 21 17 32 8 31 7 68 1 21 17 32 8 31 7 68 1 17 21 32 8 31 7 68 1 17 21 32 8 31 7 68 1 17 21 32 8 31 7 68 1 17 5 50 46 6 26 47 90 21 32 57 8 31 86 7 68 6 
1 17 26 22 63 57 86 74 41 76 50 34 46 74 56 41 76 21 32 8 31 7 68 1 17 21 32 8 31 7 68 1 17 21 32 8 31 7 68 1 17 21 32 8 31 7 68 1 17 21 32 8 7 31 68 1 17 21 32 8 31 7 68 1 17 21 32 8 31 7 68 1 17 21 32 8 31 7 68 1 17 5 50 46 56 21 32 8 31 7 68 1 17 21 32 8 31 7 68 1 17 5 50 34 46 74 56 41 5 50 46 62 6 26 90 47 79 21 32 57 
1 17 26 22 90 23 48 57 52 91 63 86 22 50 46 56 21 32 8 7 31 68 1 17 21 32 8 7 31 68 1 17 5 50 46 74 56 41 76 21 32 8 31 7 68 1 17 21 32 8 31 7 68 1 17 55 34 74 43 41 5 50 46 6 26 90 47 57 21 32 86 8 31 7 68 6 
1 17 26 22 63 57 74 86 41 50 46 56 21 32 8 7 31 68 1 17 21 32 8 31 7 68 1 17 5 50 46 56 21 32 8 7 31 68 1 21 17 32 8 31 7 68 1 17 21 32 8 31 7 68 1 17 5 50 46 6 26 90 47 57 21 32 
1 17 26 22 63 47 57 74 29 51 86 63 41 76 50 55 78 46 56 21 32 8 7 31 68 1 21 17 32 8 7 31 68 43 44 1 17 20 88 21 32 8 31 7 68 1 17 83 80 55 78 43 44 5 50 46 56 21 32 8 31 7 68 1 17 21 32 8 7 31 68 1 21 17 32 8 7 31 68 1 17 62 87 21 32 8 31 7 68 1 17 21 32 53 8 31 7 68 1 17 21 32 8 31 7 68 1 17 79 5 50 34 46 6 26 90 47 21 32 57 8 31 86 7 68 6 
1 17 26 22 63 57 86 76 50 46 55 56 78 21 32 8 7 31 68 1 17 43 44 20 88 21 32 8 31 7 68 1 17 83 80 55 78 43 44 20 88 5 50 46 83 56 55 43 20 21 32 8 7 31 68 1 21 17 32 8 31 7 68 1 21 17 32 8 7 31 68 1 17 21 32 8 31 7 68 1 17 21 32 8 31 7 68 1 17 83 80 55 78 43 44 5 50 34 46 74 41 6 26 90 47 21 32 57 
1 17 26 57 22 63 86 6 47 23 48 26 75 9 29 51 57 63 86 50 55 46 78 56 21 32 8 7 31 68 1 17 21 32 8 31 7 68 1 17 43 44 20 88 62 87 83 55 53 79 5 43 50 20 46 56 21 32 8 31 7 68 1 21 17 32 8 31 7 68 1 17 21 32 8 31 7 68 1 17 21 32 8 31 7 68 1 17 21 32 8 7 31 68 1 17 21 32 8 31 7 68 1 17 21 32 8 31 7 68 1 17 21 32 8 31 7 68 1 17 21 32 8 31 7 68 1 17 21 32 8 31 7 68 1 17 21 32 8 31 7 68 1 17 83 80 55 78 43 44 5 50 46 6 47 26 57 90 21 32 8 31 7 68 
1 17 26 57 22 63 86 50 46 56 55 78 21 32 8 7 31 68 1 17 43 44 20 88 21 32 8 31 7 68 1 17 21 32 8 7 31 68 1 21 17 32 8 7 31 68 1 17 21 32 8 31 7 68 1 17 83 80 55 78 74 62 43 44 20 88 79 83 80 55 78 43 44 20 88 41 21 32 8 31 7 68 1 17 21 32 8 31 7 68 1 17 21 32 8 31 7 68 1 17 21 32 8 7 31 68 1 21 17 32 8 7 31 68 1 17 21 32 8 31 7 68 1 17 21 32 8 31 7 68 1 17 83 80 55 78 43 44 5 50 46 6 26 90 47 21 32 57 
1 17 26 57 22 63 86 74 41 76 50 55 78 46 56 21 32 8 31 7 68 1 17 21 32 8 31 7 68 1 17 21 32 8 7 31 68 1 17 21 32 8 31 7 68 1 21 17 32 8 7 31 68 1 17 43 44 20 88 21 32 8 31 7 68 1 17 21 32 8 31 7 68 1 17 21 32 8 31 7 68 1 21 17 32 8 7 31 68 1 17 21 32 8 7 31 68 1 21 17 32 8 31 7 68 1 17 21 32 8 7 31 68 1 17 21 32 8 31 7 68 1 17 21 32 8 7 31 68 1 17 21 32 8 7 31 68 1 17 83 80 55 78 34 74 43 44 20 88 41 21 32 8 31 7 68 1 17 21 32 8 7 31 68 1 17 21 32 8 31 7 68 1 17 83 80 55 78 5 43 44 50 46 6 26 90 47 21 32 57 8 31 7 68 
1 17 26 22 63 74 90 57 52 91 86 22 41 76 50 55 46 78 56 21 32 8 31 7 68 1 17 21 32 8 7 31 68 1 21 17 32 8 7 31 68 1 17 21 32 8 31 7 68 1 21 17 32 8 7 31 68 1 17 43 44 20 88 21 32 8 7 31 68 1 17 21 32 8 31 7 68 1 17 83 80 55 78 43 44 20 5 50 34 46 74 56 41 76 21 32 8 7 31 68 1 17 21 32 8 7 31 68 1 17 21 32 8 31 7 68 1 17 83 55 43 5 50 34 46 74 6 26 90 47 57 21 32 86 8 31 41 7 68 6 
1 17 26 57 86 22 63 50 55 46 74 56 78 41 76 21 32 8 7 31 68 1 21 17 32 8 31 62 7 68 1 17 79 43 44 20 88 21 32 8 7 31 68 1 17 83 55 80 34 78 74 43 44 20 88 83 55 80 78 41 76 21 32 8 31 7 68 1 21 17 32 8 31 7 68 1 17 43 44 20 88 83 80 55 78 43 44 5 50 34 46 74 56 41 5 50 46 6 26 90 47 21 32 57 8 31 86 7 68 6 
1 17 26 22 16 2 63 57 86 50 46 55 78 74 56 41 43 44 20 88 21 32 8 7 31 68 1 21 17 32 8 7 31 68 1 17 21 32 8 31 7 68 1 17 83 80 55 78 5 43 44 50 20 46 56 21 32 8 31 7 68 1 21 17 32 8 31 7 68 1 17 21 32 8 31 7 68 1 21 17 32 8 7 31 68 1 17 21 32 8 31 7 68 1 17 21 32 8 31 7 68 1 17 21 32 8 31 7 68 1 17 21 32 8 7 31 68 1 17 21 32 8 7 31 68 1 17 83 55 43 5 50 46 6 26 90 47 21 32 57 8 31 7 68 
1 17 26 57 86 22 63 74 41 76 50 55 34 46 74 56 78 41 76 21 32 8 7 31 68 43 44 1 17 20 88 83 80 55 78 44 88 5 50 43 20 34 46 74 56 83 55 41 76 80 78 21 32 8 7 31 68 1 17 21 32 8 31 7 68 1 17 21 32 8 31 7 68 1 17 43 44 20 88 21 32 8 31 7 68 1 17 83 80 55 78 34 74 43 44 41 5 76 50 34 46 74 6 26 90 47 21 32 57 8 31 41 7 68 
1 17 22 63 50 46 55 56 78 21 32 8 7 31 68 1 17 21 32 8 7 31 68 1 21 17 32 8 7 31 68 1 17 43 44 20 88 21 32 8 31 7 68 1 17 21 32 8 31 7 68 1 17 21 32 8 31 7 68 1 21 17 32 8 31 7 68 1 21 17 32 8 31 7 68 1 17 21 32 8 7 31 68 1 17 83 80 55 78 5 43 44 50 20 83 55 46 56 43 20 21 32 8 31 7 68 1 17 21 32 8 31 7 68 1 17 21 32 8 31 7 68 1 17 21 32 8 31 7 68 1 17 83 55 43 5 50 46 26 90 47 57 21 32 8 31 7 68 
1 17 26 57 22 63 86 50 55 78 46 56 21 32 8 7 31 68 1 21 17 32 8 7 31 68 1 21 17 32 8 31 7 68 1 17 43 44 20 88 21 32 8 7 31 68 1 21 17 32 8 7 31 68 1 17 21 32 8 7 31 68 1 17 83 80 55 78 5 50 43 44 20 88 46 56 83 80 55 78 43 44 20 88 21 32 8 7 31 68 1 21 17 32 8 31 7 68 1 17 21 32 8 7 31 68 1 17 21 32 8 31 7 68 1 17 83 80 55 78 43 44 5 50 46 6 26 90 47 21 32 57 8 31 86 7 68 6 
1 17 26 22 16 2 63 74 57 86 41 50 55 46 78 56 21 32 8 31 7 68 1 17 43 44 20 88 21 32 8 31 7 68 1 21 17 32 8 7 31 68 1 17 21 32 8 7 31 68 1 21 17 32 8 7 31 68 1 17 83 55 5 43 50 20 46 56 21 32 8 7 31 68 1 17 21 32 8 31 7 68 1 21 17 32 8 31 7 68 1 21 17 32 8 31 7 68 1 17 21 32 8 31 7 68 1 17 83 80 55 78 43 44 5 50 46 6 26 90 47 21 32 57 8 31 86 7 68 6 
1 17 26 57 22 63 86 50 55 46 78 74 56 41 76 21 32 8 7 31 68 1 21 17 32 8 7 31 68 1 17 43 44 20 88 83 80 55 78 5 50 43 44 20 88 34 46 74 56 83 55 43 20 41 76 83 80 55 78 5 43 44 50 34 46 74 6 41 26 90 47 57 21 32 86 8 31 7 68 6 
1 17 26 22 16 2 63 90 57 52 91 86 22 50 55 78 46 56 21 32 8 7 31 68 1 21 17 32 8 7 31 68 1 21 17 32 8 7 31 68 1 17 43 44 20 88 21 32 8 7 31 68 1 17 21 32 8 31 7 68 1 17 21 32 8 7 31 68 1 17 21 32 8 31 7 68 1 17 21 32 8 7 31 68 1 21 17 32 8 31 7 68 1 21 17 32 8 7 31 68 1 17 21 32 8 31 7 68 1 17 83 55 5 50 43 20 83 55 46 56 43 20 21 32 8 31 7 68 1 17 83 80 55 78 43 44 5 50 46 6 26 90 47 57 21 32 86 8 31 7 68 6 
1 17 26 57 22 63 86 74 41 50 76 55 46 78 62 56 79 21 32 8 7 31 68 1 17 21 32 8 7 31 68 1 17 21 32 8 7 31 68 1 21 17 32 8 7 31 68 1 17 21 32 8 7 31 68 1 17 21 32 8 31 7 68 1 21 17 32 8 31 7 68 1 17 21 32 8 7 31 68 1 17 21 32 8 7 31 68 1 17 21 32 8 7 31 68 1 17 43 44 20 88 21 32 8 7 31 68 1 17 21 32 8 7 31 68 1 17 21 32 8 7 31 68 1 17 83 80 55 78 43 44 20 88 5 50 83 34 46 55 74 56 43 20 41 76 21 32 8 31 7 68 1 21 17 32 8 7 31 68 1 17 21 32 8 31 7 68 1 17 83 80 55 78 43 44 5 50 34 46 6 26 90 47 57 21 32 86 8 7 31 68 6 
1 17 26 22 90 63 52 91 57 22 86 76 50 55 46 78 56 62 43 44 79 20 88 21 32 8 7 31 68 1 17 83 80 55 78 21 32 8 7 31 68 1 17 43 44 20 88 21 32 8 31 7 68 1 17 21 32 8 7 31 68 1 17 21 32 8 31 7 68 1 17 5 50 83 55 43 20 46 56 21 32 8 31 7 68 1 21 17 32 8 7 31 68 1 17 21 32 8 31 7 68 1 17 21 32 8 31 7 68 1 17 21 32 8 7 31 68 1 17 21 32 8 31 7 68 1 17 83 80 55 78 34 74 43 44 41 5 50 46 6 26 90 47 21 32 57 8 31 86 7 68 6 
1 17 26 57 22 63 86 74 41 76 55 34 74 78 41 21 32 8 31 7 68 1 21 17 32 8 7 31 68 1 21 17 32 8 31 7 68 1 17 43 44 20 88 21 32 8 31 7 68 1 17 21 32 8 7 31 68 1 17 83 80 55 78 44 43 50 20 46 56 21 32 8 7 31 68 1 17 21 32 8 7 31 68 1 21 17 32 8 7 31 68 1 17 21 32 8 31 7 68 1 17 83 55 43 5 50 46 6 26 90 47 21 32 57 8 31 86 7 68 6 
1 17 26 57 22 63 86 50 55 46 74 56 43 20 41 21 32 8 31 7 68 1 17 83 55 78 21 32 8 31 7 68 1 17 43 44 20 21 32 8 31 7 68 1 17 21 32 8 31 7 68 1 17 83 55 5 43 50 46 56 21 32 8 7 31 68 1 17 21 32 8 31 7 68 1 17 5 50 46 6 26 90 47 21 32 57 8 31 86 7 68 6 
1 17 26 57 22 63 86 74 41 76 50 46 56 55 78 21 32 8 31 7 68 1 17 43 44 20 83 55 43 5 20 50 46 56 34 74 41 21 32 76 8 31 7 68 1 21 17 32 8 7 31 68 1 17 21 32 8 7 31 68 1 17 21 32 8 7 31 68 1 17 21 32 8 7 31 68 1 17 83 55 43 5 50 34 46 6 26 90 47 21 32 57 8 31 86 7 68 6 
1 17 26 22 16 2 90 63 57 52 91 86 22 50 55 46 78 56 21 32 8 31 7 68 1 17 43 44 21 32 8 31 7 68 1 17 21 32 8 31 7 68 1 17 5 50 46 56 21 32 8 7 31 68 1 21 17 32 8 7 31 68 1 17 21 32 8 31 7 68 1 17 21 32 8 31 7 68 1 17 21 32 8 31 7 68 1 17 5 50 46 6 26 90 47 21 32 57 8 31 86 7 68 6 
1 17 26 57 22 63 86 50 55 46 56 78 21 32 8 7 31 68 1 21 17 32 8 7 31 68 1 17 21 32 8 31 7 68 1 17 43 44 20 88 21 32 8 31 7 68 1 17 83 55 74 43 20 41 76 34 74 21 32 41 8 7 31 68 76 1 17 21 32 8 31 7 68 1 17 21 32 8 7 31 68 1 17 83 80 55 78 44 34 43 74 41 5 76 50 46 56 5 50 34 46 6 26 90 47 21 32 57 
1 17 26 22 63 90 57 52 91 86 22 76 50 55 78 46 56 62 79 21 32 8 7 31 68 1 17 21 32 8 7 31 68 1 21 17 32 8 31 7 68 1 17 21 32 8 31 7 68 1 17 21 32 8 7 31 68 1 21 17 32 8 31 7 68 1 17 43 44 20 88 21 32 8 31 7 68 1 17 21 32 8 31 7 68 1 17 21 32 8 31 7 68 1 17 21 32 8 31 7 68 1 21 17 32 8 7 31 68 1 17 21 32 8 7 31 68 1 17 21 32 8 31 7 68 1 17 83 80 55 78 44 88 5 43 50 20 83 46 55 56 34 74 41 43 20 21 32 8 31 7 68 1 17 21 32 8 31 7 68 1 17 21 32 8 7 31 68 1 17 21 32 8 31 7 68 1 17 83 80 55 78 43 44 5 50 46 6 26 47 90 57 21 32 86 8 31 7 68 6 
1 17 26 57 22 63 86 50 46 55 74 56 78 41 76 21 32 8 31 7 68 1 17 21 32 8 31 7 68 1 17 43 44 20 88 83 80 55 78 5 50 43 44 20 88 46 56 21 32 8 7 31 68 1 21 17 32 8 7 31 68 1 17 21 32 8 7 31 68 1 21 17 32 8 31 7 68 1 17 21 32 8 7 31 68 1 21 17 32 8 7 31 68 1 17 21 32 8 31 7 68 1 17 21 32 8 7 31 68 1 17 83 80 55 78 43 44 5 50 34 46 74 6 47 21 32 26 90 8 31 57 86 7 68 6 41 
1 17 26 76 22 16 2 57 63 86 34 74 41 76 50 55 34 46 74 56 78 41 76 21 32 8 7 31 68 1 21 17 32 8 7 31 68 1 17 43 44 20 88 21 32 8 7 31 68 1 17 21 32 8 7 31 68 1 17 21 32 8 31 7 68 1 17 83 80 55 78 5 43 44 50 20 88 34 46 74 56 41 21 32 8 31 7 68 1 21 17 32 8 31 7 68 1 17 21 32 8 31 7 68 1 17 21 32 8 31 7 68 1 17 21 32 8 31 7 68 1 17 83 80 55 78 5 50 43 44 46 6 26 90 47 21 32 57 8 31 86 7 68 6 
1 17 26 57 86 22 63 50 55 46 78 56 21 32 8 31 7 68 1 21 17 32 8 7 31 68 1 21 17 32 8 7 31 68 1 17 21 32 8 31 7 68 1 17 21 32 8 31 7 68 1 21 17 32 8 7 31 68 1 21 17 32 8 7 31 68 1 21 17 32 8 7 31 68 1 17 21 32 8 31 7 68 1 17 21 32 8 31 7 68 1 21 17 32 8 31 7 68 1 17 43 44 20 88 21 32 8 7 31 68 1 17 83 80 55 78 5 50 43 44 20 88 83 80 55 78 43 44 20 88 46 56 21 32 8 31 7 68 1 17 21 32 8 7 31 68 1 21 17 32 8 31 7 68 1 17 21 32 8 7 31 68 1 21 17 32 8 31 7 68 1 17 21 32 8 31 7 68 1 21 17 32 8 31 7 68 1 21 17 32 8 31 7 68 1 17 21 32 8 7 31 68 1 17 21 32 8 7 31 68 1 17 83 80 55 78 5 43 44 50 20 88 46 74 56 6 26 90 47 21 32 57 52 29 8 31 86 41 91 51 7 68 6 83 80 5 
