95 37 115 53 15 28 158 48 49 119 111 32 101 163 13 2 149 132 129 34 57 151 132 129 77 59 11 102 170 169 86 94 123 128 112 145 
141 15 73 146 24 13 2 34 80 26 72 82 
115 154 119 161 133 2 64 112 98 74 114 86 141 143 158 34 32 15 151 80 13 11 
95 115 103 57 91 123 2 60 86 137 83 114 165 143 158 34 11 114 143 170 61 10 
141 109 121 157 154 133 132 99 138 127 2 138 161 127 47 101 64 49 119 77 80 115 34 57 98 86 123 69 20 174 128 112 74 129 
141 15 28 175 48 73 146 24 111 101 120 13 2 158 11 80 26 82 154 149 77 38 138 27 72 34 87 127 3 59 43 102 64 116 
109 121 157 49 55 2 128 50 99 34 154 130 161 98 64 69 20 174 47 22 
29 28 175 158 48 138 154 76 64 2 154 53 64 34 127 101 94 62 59 43 6 11 102 77 
138 50 2 130 161 99 154 98 64 34 161 49 98 128 47 127 
73 111 101 26 2 154 134 133 64 16 74 34 149 77 
9 141 0 38 120 138 27 2 34 127 3 25 80 31 87 116 
137 88 132 99 154 133 161 138 64 49 107 2 98 19 161 146 98 72 161 47 119 61 115 34 98 86 63 128 112 74 129 127 
65 2 34 166 
158 2 11 91 60 115 165 32 34 57 151 38 120 27 87 3 86 123 83 116 
137 15 29 76 60 13 2 6 61 62 124 0 31 34 57 108 99 76 103 10 123 6 165 47 
36 32 101 15 17 13 36 2 39 5 34 57 17 123 151 77 
9 35 38 120 27 172 164 126 142 103 87 3 160 10 25 0 95 31 153 105 30 150 66 14 71 170 139 116 
58 172 164 126 142 173 30 150 66 14 
167 67 115 53 172 113 46 41 144 56 104 68 78 85 99 23 177 33 7 76 70 14 110 156 79 81 86 94 21 117 6 47 
160 95 37 137 103 56 35 49 119 161 133 120 111 116 128 112 154 61 172 149 113 46 41 132 146 64 60 49 153 170 165 58 169 72 120 68 40 129 111 119 149 112 132 177 33 7 14 10 146 53 129 72 111 119 149 112 173 155 81 94 85 139 128 98 74 116 
144 9 37 103 57 73 146 50 24 172 169 164 126 142 68 25 40 79 155 105 30 150 66 4 14 26 72 82 71 81 10 44 123 130 
160 37 115 53 35 119 161 28 48 153 58 172 46 41 113 173 59 102 105 94 103 110 71 58 10 53 40 173 177 33 7 160 162 176 94 117 103 98 14 99 47 148 147 153 155 169 86 10 139 112 
90 58 95 68 0 15 42 113 46 41 172 31 103 88 99 29 122 23 170 21 42 177 33 7 14 122 8 173 81 10 13 63 62 47 
12 105 67 0 4 35 172 113 46 41 114 44 104 71 143 144 91 177 33 7 14 84 79 31 139 83 
105 103 57 114 49 133 128 74 172 49 133 113 46 41 128 74 143 40 109 121 157 133 74 155 10 71 177 33 7 144 14 79 123 69 20 174 
58 115 42 132 60 55 37 122 172 113 46 41 173 105 22 158 138 0 71 88 29 160 31 165 120 153 53 105 110 76 129 111 177 33 7 176 71 14 149 127 11 169 86 94 147 63 62 117 6 116 
68 141 65 92 124 101 172 113 46 41 95 166 88 96 29 108 99 80 76 137 81 105 177 33 7 14 71 170 61 63 62 6 47 77 
160 9 65 92 109 121 157 131 172 113 46 41 153 166 88 96 168 29 99 58 173 105 71 160 47 38 119 153 110 87 132 177 33 7 117 25 129 95 14 111 149 170 63 62 69 20 174 112 
9 67 28 175 48 161 111 149 98 113 46 41 172 154 101 104 37 158 64 24 77 38 138 27 11 76 91 177 33 7 110 83 14 158 127 87 3 25 169 117 59 43 6 11 102 82 
58 95 68 141 0 109 121 157 133 80 137 154 172 61 164 126 142 141 64 31 170 103 73 69 20 174 28 48 175 40 74 24 10 80 0 173 137 105 155 26 82 133 81 37 31 103 42 74 73 24 30 150 66 14 26 82 71 169 61 10 122 59 43 102 
58 67 53 23 109 121 157 119 161 138 172 113 46 41 104 173 105 99 110 127 101 33 7 177 162 176 117 14 47 69 174 77 55 71 94 21 148 147 20 112 98 22 
160 103 42 175 114 73 146 24 38 120 27 122 113 46 41 172 143 158 88 76 29 153 58 95 173 10 53 43 6 170 121 58 11 26 82 72 133 49 173 94 177 7 33 14 128 154 63 62 20 64 74 87 116 3 
65 92 73 24 132 60 172 113 46 41 166 88 96 99 29 114 165 47 120 53 143 110 76 158 177 33 7 14 129 94 63 62 117 6 11 26 82 116 
0 35 51 124 91 133 60 161 31 53 154 172 113 46 41 64 160 154 40 108 76 165 153 64 98 74 105 111 149 100 110 177 33 7 71 14 160 153 155 94 139 117 6 83 
105 9 67 137 0 15 158 61 31 141 113 46 41 172 71 160 80 137 153 25 105 95 170 40 177 33 7 14 71 155 104 61 13 11 
160 9 68 115 57 109 121 91 157 55 172 113 46 41 153 22 58 81 67 173 104 68 105 86 71 25 141 160 95 80 137 81 153 37 170 40 61 177 33 7 14 155 169 123 69 20 83 174 
95 68 53 42 35 28 175 158 48 154 122 172 113 46 41 170 64 9 94 103 49 161 119 10 43 59 11 102 109 121 157 25 40 110 69 174 81 177 28 48 33 7 101 155 99 95 117 59 102 14 109 157 47 170 69 174 139 20 128 112 98 77 
95 4 15 175 138 103 170 9 113 46 41 172 10 44 53 78 25 95 70 4 144 170 40 127 110 76 177 33 7 14 117 79 155 94 44 13 43 6 
105 9 0 35 109 121 157 111 149 38 27 172 164 126 142 87 3 132 163 31 25 95 71 30 66 150 14 42 122 170 139 69 20 174 129 145 
167 9 57 28 175 158 48 172 113 46 41 11 144 59 43 102 109 121 157 37 169 79 68 25 177 7 33 14 156 81 123 69 20 174 
67 28 39 48 172 113 41 46 59 5 102 109 121 157 95 177 33 7 14 170 104 69 20 174 
160 40 68 4 153 172 164 142 126 42 155 9 25 44 40 137 161 61 133 155 141 154 95 122 98 64 50 74 30 150 66 14 130 154 161 133 64 98 74 170 81 80 
9 67 115 103 57 113 41 172 46 104 68 86 10 137 81 67 76 25 95 104 37 169 67 177 33 7 14 170 104 61 123 6 
90 9 68 115 15 101 172 113 46 41 77 55 81 67 86 154 133 64 74 88 99 29 22 25 95 33 7 177 14 8 170 104 13 63 62 47 
160 9 68 4 57 172 113 46 41 81 67 55 153 58 173 160 141 80 137 44 22 138 177 33 7 14 153 25 104 61 123 127 
105 95 68 115 35 32 101 42 172 170 113 41 9 122 46 86 151 71 141 120 160 0 77 38 27 80 81 115 37 177 33 7 14 25 40 155 153 169 86 31 139 87 116 3 
90 68 137 158 99 113 46 41 172 88 29 76 81 67 177 33 7 14 8 104 61 63 62 6 11 47 
167 68 141 109 121 157 42 172 122 164 126 142 154 133 23 64 74 21 56 85 23 160 95 21 56 30 150 66 14 156 153 170 81 80 85 69 20 174 
12 105 67 137 0 23 35 28 175 48 61 31 141 103 46 41 172 113 80 10 137 0 59 43 102 71 144 104 61 177 33 7 14 84 79 31 21 139 
167 103 42 15 172 122 164 126 142 23 21 42 122 49 133 30 150 66 14 128 74 162 156 10 148 13 
95 0 35 31 103 172 164 126 142 68 170 9 25 81 95 67 137 30 150 66 14 10 0 170 104 61 31 139 
9 37 115 53 4 55 133 154 172 113 46 41 22 101 161 64 49 107 144 19 119 110 177 33 7 25 95 14 79 170 169 86 94 44 117 128 112 98 74 77 
9 67 51 73 50 24 26 82 73 24 172 113 46 41 26 82 130 133 100 161 110 98 74 73 24 25 95 26 82 73 24 177 7 33 14 26 82 117 42 122 170 104 
9 37 46 41 172 58 113 110 177 33 7 173 14 160 117 161 133 98 74 153 25 169 
90 105 95 67 0 78 55 133 49 128 74 172 133 8 170 113 46 41 12 9 22 71 25 144 95 88 70 29 74 99 79 105 104 177 33 7 84 14 90 8 71 170 31 63 62 47 
167 58 141 103 57 28 175 48 38 120 27 172 113 46 41 76 173 59 43 6 102 144 37 177 33 7 14 156 79 169 80 10 123 87 116 3 
90 105 68 115 0 15 132 60 55 163 172 113 46 41 31 99 81 103 88 22 67 101 29 47 104 37 165 32 10 53 151 129 120 49 119 133 110 116 132 60 177 33 7 117 14 165 129 132 8 71 169 86 94 13 63 62 128 112 74 129 77 145 
167 144 141 103 57 73 24 38 138 27 26 82 133 172 164 126 142 74 49 133 128 79 74 80 87 127 3 137 28 175 48 73 24 132 60 26 82 49 133 128 61 141 49 80 137 128 74 30 150 66 14 156 61 10 123 59 43 102 129 165 
0 113 172 46 41 31 103 9 10 25 33 7 95 177 14 170 
144 67 172 164 126 142 137 79 158 4 150 30 66 14 104 61 44 11 
167 141 103 15 42 122 172 113 46 41 76 88 58 29 6 109 124 157 173 40 144 80 115 155 177 33 7 14 69 108 174 28 76 48 156 79 86 10 13 63 62 59 6 102 
12 141 0 35 172 164 126 142 31 103 30 150 66 14 84 80 10 139 
90 0 132 60 31 103 172 113 46 41 10 49 133 119 161 37 88 29 99 169 67 47 104 110 101 177 33 7 117 14 8 63 62 128 112 98 74 129 165 77 
4 28 175 114 48 120 138 95 38 27 170 9 172 113 46 41 143 87 3 91 38 27 144 127 83 101 158 76 77 33 110 177 7 14 25 95 79 170 44 117 59 43 6 11 102 87 116 3 
105 9 68 57 51 109 121 91 157 132 60 163 113 41 172 46 100 110 117 137 133 25 81 99 95 67 74 73 24 165 129 47 145 170 40 104 37 82 42 133 177 33 7 14 26 74 122 71 155 169 61 123 69 20 83 174 
160 9 68 115 35 28 175 158 48 172 113 46 41 11 91 86 137 81 37 25 95 153 83 61 177 33 7 14 170 169 139 59 43 102 
67 113 172 46 41 90 8 12 104 68 110 58 154 133 141 81 67 173 64 160 49 80 115 128 117 86 137 177 33 7 14 161 98 74 84 153 104 61 
167 105 37 115 53 172 113 46 41 71 144 161 49 133 169 119 98 40 177 33 7 134 37 14 156 79 155 169 86 94 128 112 16 74 
9 137 103 15 28 175 158 48 38 120 27 105 71 172 58 61 113 46 41 141 173 160 80 25 95 153 10 170 40 177 33 7 14 155 13 59 43 11 102 87 116 3 
4 109 121 91 157 132 60 163 172 164 126 142 30 150 66 14 44 69 20 83 174 129 165 145 
68 115 103 28 175 114 48 113 46 41 172 10 81 37 143 177 33 7 14 169 86 59 43 102 
144 141 109 121 157 9 172 164 126 142 103 69 20 174 28 175 48 78 79 70 80 10 4 137 0 25 95 30 150 66 14 170 61 31 44 59 43 102 
167 9 141 125 57 172 113 46 41 144 25 95 80 79 37 115 93 105 4 44 71 144 170 40 177 33 7 14 156 79 155 169 86 123 
105 68 137 42 15 101 122 172 113 46 41 71 58 88 173 160 99 29 153 105 47 177 33 7 14 71 81 61 13 63 62 77 
160 67 115 57 28 175 48 38 120 138 27 153 172 58 113 41 103 46 173 160 86 153 104 68 40 81 67 43 59 102 109 121 157 104 37 177 33 7 14 155 169 10 123 69 20 174 87 116 127 3 
9 68 0 42 28 175 48 55 25 95 122 172 23 113 46 41 170 9 22 101 21 42 88 99 31 29 160 153 58 81 77 37 25 40 169 68 122 23 177 33 7 14 43 173 155 81 21 63 62 59 102 47 
12 160 9 42 65 92 109 157 161 133 131 98 74 73 50 24 122 113 46 41 172 25 53 26 130 82 95 161 133 49 166 88 119 96 29 168 99 47 84 110 153 101 177 33 7 14 117 69 174 98 170 94 63 62 128 112 74 77 
9 65 92 73 24 38 120 138 27 103 172 113 46 41 166 88 10 53 96 29 67 3 104 177 158 37 33 7 87 127 14 111 25 169 94 63 62 11 26 82 149 116 
12 58 95 68 137 103 4 35 91 49 161 133 132 32 119 172 113 46 41 112 170 173 9 105 44 109 121 157 151 61 120 141 4 71 160 129 38 27 25 95 153 44 160 177 33 7 14 128 98 74 87 3 84 153 170 81 80 10 139 69 20 83 174 116 
167 105 9 53 57 28 175 158 48 172 113 46 41 94 103 25 95 71 144 10 59 43 11 102 109 121 91 157 161 170 40 133 49 119 134 79 98 110 33 7 177 117 160 155 14 95 156 153 170 123 69 20 83 174 128 112 16 74 
105 9 15 28 175 158 48 73 146 152 24 101 172 113 46 41 88 26 82 25 49 133 95 63 29 72 119 11 99 114 161 143 177 33 7 171 98 134 14 112 71 170 13 62 59 43 102 128 16 74 47 77 
160 9 0 109 121 157 73 24 38 120 27 172 25 164 126 142 40 153 31 56 141 160 68 85 69 174 20 155 9 30 150 66 14 26 82 153 25 81 80 87 116 3 
58 40 161 132 163 32 107 19 172 113 46 41 151 98 50 32 154 130 151 64 129 132 173 144 155 9 76 129 145 38 27 25 177 33 7 110 40 14 87 3 79 155 117 6 
105 95 51 124 158 161 154 133 64 172 11 113 46 41 132 98 74 91 129 38 138 27 71 58 170 9 108 76 87 127 3 111 101 163 100 177 33 7 110 83 173 105 14 71 149 77 145 58 25 95 173 170 117 6 
167 105 9 68 137 103 57 49 172 61 113 46 41 141 128 80 137 49 128 49 61 71 144 33 177 7 14 128 156 79 25 81 10 123 
105 95 67 0 109 121 91 157 49 101 104 128 67 172 164 126 142 104 68 69 20 83 174 154 31 158 103 175 137 10 56 64 0 73 24 61 141 31 26 82 103 43 154 133 39 64 74 73 24 10 0 30 150 66 14 26 82 80 137 61 141 80 71 170 81 31 85 5 11 77 
58 40 67 115 103 23 175 161 138 107 19 46 172 113 41 127 101 104 155 37 173 98 144 38 10 53 77 76 110 87 79 177 33 7 117 14 169 86 94 21 43 6 
68 137 103 42 109 121 157 122 164 142 172 126 61 141 30 150 66 14 80 137 162 95 170 81 61 10 148 69 20 174 
9 53 54 28 175 158 48 132 60 163 172 94 113 46 41 103 144 10 59 43 11 102 25 109 121 157 95 154 161 133 64 49 107 170 40 98 19 79 110 119 134 160 78 177 33 7 136 162 176 117 55 14 16 22 153 155 70 148 147 69 20 174 128 112 74 129 165 145 
144 95 38 27 172 113 46 41 170 103 9 79 25 160 40 76 177 33 7 14 110 87 3 111 163 141 149 145 153 155 80 10 117 6 
90 105 9 115 53 15 51 158 113 172 71 46 41 160 11 88 25 29 95 94 103 10 53 100 153 110 177 33 7 14 160 8 153 170 86 94 13 63 62 117 
12 105 35 109 121 157 172 164 126 142 71 160 30 150 66 14 84 153 139 69 20 174 
167 105 28 175 48 172 113 46 41 42 71 160 59 43 102 109 121 157 153 105 122 23 177 33 7 71 14 58 21 42 156 173 122 69 20 174 
90 37 115 161 98 113 46 41 172 99 88 169 101 114 29 67 53 77 104 143 37 91 94 103 138 10 127 53 55 177 33 7 14 8 169 86 94 63 62 83 47 22 
67 137 0 4 113 46 41 172 44 61 78 141 70 144 31 104 103 68 10 0 80 33 137 177 7 14 79 81 61 31 
105 37 53 39 172 113 46 41 169 68 40 81 67 94 56 90 60 85 177 33 7 14 5 8 71 155 104 165 
12 144 68 38 120 27 164 126 142 172 103 79 105 78 10 81 137 67 70 30 150 66 14 84 71 104 61 87 116 3 
167 144 15 60 172 78 113 46 41 70 79 58 173 56 85 177 33 7 14 156 13 165 
95 103 120 172 113 46 41 170 9 160 37 115 10 38 27 0 31 177 33 7 14 87 3 153 25 169 86 116 
105 95 141 114 101 68 60 172 113 46 41 0 161 133 143 91 154 80 31 83 103 64 98 158 74 71 10 165 170 32 9 177 33 7 14 151 25 95 170 81 11 77 
40 37 91 138 172 164 126 142 141 80 111 137 149 38 87 56 127 169 101 67 160 155 103 30 150 66 14 132 129 153 104 61 10 85 83 77 
105 68 115 0 158 38 138 27 172 113 46 41 87 127 3 101 163 11 114 31 103 86 111 10 149 77 145 177 33 7 14 143 71 81 
144 67 109 121 157 103 172 113 46 41 79 137 10 4 0 177 33 7 14 104 61 31 44 69 20 174 
141 57 28 175 48 172 164 126 142 60 99 49 133 47 160 42 128 74 73 24 30 150 66 14 122 26 82 153 80 123 59 43 102 165 
105 40 137 35 109 121 157 161 120 119 172 164 126 142 61 71 141 69 20 174 58 28 116 32 37 80 137 169 56 173 105 112 107 71 58 155 30 150 66 19 9 14 146 25 40 72 107 155 173 61 85 139 59 19 98 151 
167 160 42 4 15 36 60 154 44 64 172 49 164 126 142 17 175 28 153 128 67 30 150 66 14 122 23 104 68 81 21 42 156 122 13 59 43 165 
90 0 35 109 121 157 38 120 27 31 113 172 103 46 41 10 8 0 33 7 177 14 31 139 69 20 174 87 116 3 
103 4 15 28 175 48 132 60 163 113 172 46 41 44 144 129 165 145 10 38 27 110 76 40 158 177 33 7 14 155 79 13 117 59 43 6 11 102 87 3 
105 35 109 121 91 157 132 101 163 133 172 67 164 126 142 74 104 68 129 77 30 150 66 145 81 14 78 71 70 139 69 20 83 174 
90 160 9 42 15 28 175 114 48 172 143 113 41 91 46 153 122 23 160 88 29 76 153 105 71 160 25 40 43 6 121 59 153 102 107 105 177 109 157 155 33 7 14 19 119 112 8 71 21 13 63 62 69 20 83 174 
144 42 57 28 175 158 48 122 172 113 46 41 23 49 59 43 11 102 109 121 157 128 21 42 79 105 122 23 21 42 122 71 160 177 33 7 14 153 123 69 20 174 
105 0 15 28 175 48 172 164 126 142 71 101 60 56 105 85 71 58 31 103 30 66 150 4 14 137 173 61 10 44 13 59 43 102 165 77 
95 141 0 109 121 157 138 172 170 113 46 41 9 80 37 31 103 38 27 25 10 161 133 177 33 7 49 119 14 112 127 3 98 169 69 20 174 128 74 87 
132 42 122 23 172 113 46 41 103 129 38 27 137 160 10 0 61 153 141 110 177 33 7 14 80 31 21 117 87 3 
115 103 42 51 158 132 60 163 49 119 161 133 112 119 122 172 23 113 46 41 10 21 0 42 31 53 122 11 109 157 37 174 95 48 100 98 110 69 50 177 33 7 102 101 117 28 48 14 77 59 102 130 170 169 86 94 128 112 74 129 165 145 
58 141 0 57 38 120 138 27 172 113 46 41 173 105 71 144 33 7 177 31 14 79 80 123 87 116 127 3 
90 58 137 42 15 28 175 48 132 60 101 163 122 113 41 172 46 173 88 99 29 40 77 55 22 155 95 55 177 33 7 14 22 101 47 8 170 61 13 63 62 59 43 102 129 165 77 145 
9 115 35 38 120 138 27 172 164 126 142 3 87 68 30 150 66 14 116 127 25 81 86 139 
95 67 141 56 101 170 104 103 9 68 120 116 120 116 10 25 81 95 67 60 170 104 80 85 165 77 
40 68 137 78 28 175 48 81 37 70 4 111 44 78 149 70 155 169 61 59 43 102 
90 9 68 141 35 113 126 1 172 103 78 105 8 42 70 10 125 0 71 58 93 80 78 137 81 122 25 173 95 105 70 177 140 61 31 150 14 71 170 139 
58 9 25 172 173 95 68 105 170 14 9 78 25 95 70 4 71 170 81 44 
144 40 67 125 88 29 114 104 93 164 75 172 155 46 79 9 37 0 105 169 78 25 115 40 37 70 31 125 155 103 56 30 33 97 71 14 58 173 105 93 78 10 0 71 70 58 125 31 173 169 86 85 93 63 62 143 
68 141 42 78 15 122 23 172 164 46 75 70 125 81 95 67 80 137 30 33 97 14 170 104 61 21 93 13 
9 68 141 42 4 164 46 75 172 122 25 23 95 105 44 125 170 40 80 137 93 132 60 99 163 78 81 37 0 71 21 58 61 42 155 115 70 169 125 68 101 31 122 53 173 105 86 56 93 33 30 97 14 4 71 81 94 85 44 129 165 47 77 145 
167 58 67 0 23 125 38 120 131 138 27 40 104 68 155 113 126 1 172 9 31 103 173 144 87 116 168 127 3 28 175 76 158 48 132 60 99 101 163 21 56 156 79 90 58 10 53 85 115 77 11 93 94 78 81 103 8 37 86 25 173 40 105 169 70 177 150 140 4 14 71 155 10 44 59 43 6 102 129 165 47 145 
160 9 0 78 161 38 27 153 164 46 75 172 58 31 103 70 98 125 173 105 93 78 71 87 3 33 97 110 111 30 10 25 137 53 14 149 61 94 70 117 
115 0 38 27 172 113 126 1 12 23 86 40 31 68 141 103 155 177 150 140 81 87 3 111 101 163 21 42 10 14 149 132 129 84 80 122 77 145 
167 137 23 138 27 161 133 49 61 103 126 1 172 141 107 113 128 19 146 58 98 50 72 68 49 127 3 101 163 130 119 161 111 78 77 80 149 21 28 175 158 48 98 81 112 37 56 132 141 32 10 169 53 128 151 85 129 145 80 42 177 150 140 11 14 114 94 74 70 156 173 122 59 43 143 102 
90 160 23 15 109 121 91 157 8 154 133 153 113 172 105 126 1 78 69 20 83 174 64 28 76 158 48 74 175 132 60 99 101 163 141 21 42 70 122 11 23 125 77 138 71 93 58 80 78 137 173 21 61 42 59 43 6 102 141 109 121 157 0 70 129 165 47 145 122 38 27 80 31 137 177 150 140 14 61 13 69 20 174 87 127 3 
40 141 28 175 48 101 163 172 113 126 1 77 145 155 58 9 78 59 43 102 173 154 161 133 144 64 79 70 58 98 4 173 74 105 42 71 58 122 0 177 150 140 44 78 14 173 25 80 31 70 
105 95 137 103 125 49 133 161 164 172 46 75 128 98 74 10 73 24 0 71 93 58 170 78 68 70 125 61 141 31 103 93 78 173 105 90 82 133 71 26 33 30 97 14 70 10 4 0 74 73 24 26 82 154 133 8 81 80 31 44 64 74 
167 37 115 42 125 28 175 48 73 24 163 113 1 172 122 23 126 26 82 132 86 40 169 68 155 129 145 9 59 43 102 161 133 93 21 56 177 140 150 4 98 74 25 81 67 14 161 133 98 74 156 104 85 44 
12 68 23 125 93 113 126 1 172 160 141 4 9 84 153 167 144 79 160 44 153 21 105 42 80 0 71 137 58 122 23 31 103 133 21 42 61 10 0 177 150 140 173 25 14 160 95 154 64 74 156 153 170 81 31 122 
12 58 9 37 103 15 29 132 60 99 163 4 44 164 46 75 172 78 169 173 25 68 105 40 10 53 129 165 47 145 84 71 33 97 90 58 30 14 115 86 173 141 160 70 4 8 153 155 81 80 94 44 13 62 
167 105 9 67 137 0 125 161 31 103 164 46 75 172 71 98 58 104 73 25 68 95 10 0 42 26 93 154 133 170 81 78 156 9 37 163 122 64 23 132 169 61 74 68 115 73 24 101 173 31 21 70 160 86 4 129 145 77 26 82 30 33 97 133 14 74 153 25 81 44 
105 95 67 125 164 46 75 172 71 170 93 104 78 137 0 30 33 97 14 61 31 70 
141 103 125 164 46 75 172 23 132 60 99 163 93 78 28 175 76 48 40 105 155 37 80 90 71 115 101 58 169 68 10 158 53 86 141 21 70 56 125 94 129 165 47 77 145 8 103 167 173 144 59 43 6 11 102 85 79 33 97 10 30 14 81 67 156 104 80 93 
12 68 137 78 57 172 164 46 75 61 141 132 163 84 90 133 49 161 32 101 105 98 70 50 8 125 167 151 128 130 129 38 71 77 145 160 95 30 33 97 138 27 81 14 67 80 161 156 153 170 104 93 123 98 74 87 127 3 
58 9 78 28 175 76 48 50 24 101 163 173 70 105 125 113 126 1 172 145 38 27 77 140 25 95 177 56 71 170 59 43 130 82 160 93 150 6 102 161 133 78 14 70 98 74 4 87 3 111 163 149 145 153 85 44 
105 42 78 133 49 164 46 75 172 122 23 90 71 128 58 154 64 74 8 167 70 125 173 95 93 78 21 33 97 30 14 67 156 170 104 70 
90 9 68 125 57 132 32 101 163 133 49 23 113 126 1 172 93 161 151 160 78 107 120 77 138 153 70 98 58 125 116 32 8 12 21 93 56 78 28 175 158 48 19 128 129 151 53 74 145 38 27 85 23 94 115 103 11 81 37 10 53 127 3 101 163 25 169 70 40 94 87 177 150 140 173 14 77 145 160 103 101 163 132 129 77 145 84 153 155 86 10 21 123 59 43 102 
90 105 9 141 0 56 15 113 126 1 172 8 31 12 103 85 42 71 58 25 95 4 173 105 10 122 80 0 23 137 67 44 31 125 103 61 71 160 21 93 104 42 78 177 150 140 14 170 84 153 10 122 70 13 
167 58 0 23 4 161 154 133 31 44 103 113 126 1 172 64 98 74 137 73 24 21 82 61 10 177 150 140 173 141 14 95 26 73 24 26 82 156 170 80 
12 40 37 115 28 175 76 48 113 126 1 172 86 23 141 103 125 169 105 68 59 43 6 102 109 121 157 155 95 71 93 144 78 84 170 167 9 21 79 56 160 70 10 53 85 80 81 115 67 177 150 140 14 156 153 25 104 86 94 69 20 174 
40 68 28 175 48 81 67 155 104 59 43 102 
9 68 56 109 121 157 172 126 1 53 110 115 69 20 174 28 175 158 48 81 76 37 58 113 11 117 154 161 85 25 23 40 64 94 150 177 140 134 14 173 86 155 169 21 59 43 6 102 16 98 
167 95 68 42 73 26 170 58 9 164 172 81 46 75 67 103 104 10 122 0 30 33 97 14 156 173 25 31 
105 95 103 57 164 46 75 172 125 71 137 93 10 0 30 33 97 14 4 170 61 31 44 123 
9 37 115 53 125 35 28 175 76 48 163 42 38 93 172 145 94 78 113 126 1 27 25 103 40 122 70 86 23 169 125 137 105 59 43 6 102 109 121 124 157 155 93 61 4 71 141 144 95 150 140 177 14 21 42 170 9 25 79 80 10 122 44 139 69 20 108 174 87 3 
105 115 0 23 57 88 29 28 175 76 114 48 132 101 163 31 172 129 111 143 14 149 9 132 25 95 67 21 42 129 111 149 71 170 104 86 122 123 63 62 59 43 6 102 77 145 
167 144 172 113 126 1 156 79 90 177 140 150 14 8 
12 105 84 90 71 164 46 75 172 58 173 105 8 167 71 58 78 133 161 98 74 173 105 71 58 173 70 144 156 79 30 33 97 14 
160 42 78 45 89 118 18 15 122 106 159 52 135 23 164 46 75 172 153 105 70 125 137 71 93 58 33 97 0 30 14 4 173 61 31 21 44 13 
105 67 141 42 78 122 113 126 1 172 104 56 71 68 58 85 23 101 70 80 163 115 132 173 177 150 140 105 81 14 67 95 60 21 42 73 50 24 26 130 82 165 77 71 170 104 86 122 129 145 
167 144 40 68 137 23 28 175 76 48 38 138 27 73 24 164 172 61 141 110 158 26 82 133 81 37 79 105 74 87 3 99 163 155 133 132 9 43 75 59 121 71 46 6 11 102 58 80 78 117 109 124 157 115 129 169 68 127 25 53 101 21 86 56 74 30 33 97 14 81 37 47 77 145 156 173 169 94 85 70 69 20 108 174 
67 0 28 175 76 48 133 154 104 64 74 31 103 9 37 133 154 64 74 25 95 10 0 170 169 31 59 43 6 102 
9 68 103 109 121 157 99 101 163 132 60 113 172 126 1 58 10 53 77 56 78 173 25 105 40 85 70 125 177 150 140 155 14 129 165 47 145 81 37 71 169 94 93 69 20 174 
58 68 0 4 57 28 175 158 48 44 81 31 11 37 103 163 145 10 173 169 123 59 43 102 
105 68 141 35 109 121 157 133 103 154 164 46 75 172 64 71 73 144 4 74 24 79 44 125 105 90 71 40 93 69 174 58 78 48 20 81 28 175 37 155 80 9 115 8 167 158 169 132 163 68 26 82 86 56 49 133 141 129 111 85 30 33 97 161 45 89 118 14 173 70 18 160 23 4 149 132 107 129 145 19 156 153 25 81 80 10 21 44 106 159 52 135 139 59 43 11 102 128 98 74 
