1017 3292 1136 1447 221 2678 
1256 3471 1528 928 2095 13 2788 1939 616 2575 2678 
1231 2943 467 2385 2670 748 1311 2678 
1256 3471 2252 1989 2456 2036 2478 2262 2583 3357 2678 
1256 3471 1980 2197 892 2925 642 13 2848 2678 
1017 1246 467 950 2279 1508 2678 
1256 3471 278 13 467 3268 1287 866 2678 
1256 3471 435 549 2719 369 2943 467 2013 118 3123 2678 
1256 3471 2392 2670 467 1282 1396 3506 2925 642 2678 
1256 3471 1252 2925 1942 13 467 3379 153 2678 
3245 393 271 3292 3370 447 2667 84 467 1812 401 2678 
1017 1246 1372 302 521 2678 
1017 1246 1027 173 166 1663 14 2678 
1256 2614 1797 1473 2036 1421 2124 757 1514 2678 
1256 1159 1473 412 930 2087 945 2528 2582 1989 357 1483 1773 3419 467 1718 2678 
1017 1246 467 2058 1298 930 3528 2678 
1256 2614 298 412 1402 2582 63 2036 461 2054 2506 2678 805 1731 2678 2678 
1256 3471 2514 3006 1071 930 2582 1347 2678 
1256 3471 1102 928 1717 13 467 2060 25 2678 
1256 3471 514 2925 642 13 2036 1813 1230 228 2678 
1231 2943 467 673 2295 195 3266 2678 
3245 1011 271 1246 2229 1234 2422 93 2678 
1256 3471 1964 1473 412 930 467 2998 2582 40 2416 467 557 2678 
3245 1011 271 3292 1286 2527 77 58 2670 1455 2678 
1256 3471 689 928 598 13 467 390 2370 2678 
1231 2925 467 1594 3405 1964 13 467 738 2947 2678 
1017 3292 467 3587 677 2708 1751 2327 2678 
1017 1246 467 74 1069 2670 1644 3267 166 3284 930 3528 2678 
1372 367 521 13 1011 271 2678 
1256 3471 2392 2670 2264 2925 642 2678 
1256 3471 278 2925 642 13 467 3268 2678 
1231 2943 467 1845 2670 467 2386 3091 2678 
1017 1246 1299 1526 2678 
1256 2614 1473 2036 3358 3386 2167 638 1402 2678 
1256 3471 1147 1473 2036 1813 1100 1989 13 1594 772 2678 
1256 3471 2441 390 1215 2234 467 3074 1359 13 827 987 2678 
1256 3471 278 2760 467 3333 928 1717 84 467 379 2670 272 545 552 1164 549 1450 2678 27 2678 15 1278 2678 2069 2678 
1017 3292 467 3587 3103 2930 13 467 319 473 3174 2678 
1017 1246 467 1188 677 2656 2456 2678 
1017 1246 430 956 134 1543 2234 2036 3559 711 2678 
1017 1246 2959 2791 2846 1882 2678 
1256 3471 369 2925 642 13 2036 621 2678 
1017 2943 748 1311 2678 
1017 3292 467 2796 2670 467 1181 410 2678 
1256 3471 278 1246 701 350 3420 2678 
1017 1246 490 351 2678 2248 2678 2678 
1231 2943 467 919 2670 467 2672 931 2678 
1231 3292 801 918 460 2678 
1231 3078 3292 3520 986 52 13 2547 2678 
1256 3471 2514 2963 1246 467 3312 2418 2841 2678 
1231 2943 467 186 166 2261 2670 268 2768 2678 2096 2678 
1231 2943 467 2492 212 2601 3116 2670 2036 2806 459 2678 
1231 2943 467 79 2670 3448 2678 
1256 3471 502 2925 642 13 2036 1386 678 2678 
1231 918 467 390 1406 3598 2087 1879 755 13 467 2673 2678 
1231 2943 467 2714 2670 467 3211 1792 2678 
1231 271 1246 175 2311 2888 467 3085 1037 1888 938 2678 
1256 3471 359 1246 3140 1602 2678 
1231 2943 467 2714 2670 467 3211 1792 2678 
1256 3471 2698 2678 821 100 3562 2678 
1256 3471 539 3064 2925 642 13 1863 247 3336 2678 
1231 963 2670 3078 1246 3555 1436 1526 2678 
1256 3471 2514 1246 412 930 199 1440 2582 1602 862 2678 
1256 3471 1573 2670 1148 2678 947 2925 642 2678 1594 
1231 2943 467 2759 2670 390 6 2066 2904 2087 84 467 259 3042 2678 
1017 3292 467 1828 918 162 1997 1549 2678 
1231 271 1246 849 1526 2678 
1256 2614 1797 2925 170 918 791 1637 2087 2678 
1256 3471 444 2943 412 2582 3448 84 1392 1620 2678 
1256 2614 2411 2334 1863 1927 2670 658 2678 
1017 1473 467 1113 3373 3587 2234 1472 2678 
1231 2943 467 2714 2670 467 3211 1792 2678 
1256 3471 1162 2005 2036 1707 923 2678 
1017 2943 467 1031 2970 13 1116 2678 
1256 3471 1051 299 2943 467 89 2670 2036 300 3263 467 2295 742 2678 
1256 1159 1473 412 930 2087 3248 918 2277 2582 1115 2678 
1231 1680 2670 2036 633 918 503 2943 901 2697 2678 
1256 3471 2514 2943 3175 1122 1636 2720 3536 2678 
1256 2614 298 2036 68 1066 1848 1045 3152 2678 2635 1733 2760 412 2678 2678 
1256 3471 496 2925 642 13 2036 2561 765 923 2678 
1017 1246 1372 2656 2760 467 2295 2678 
1231 2943 467 285 355 2087 467 2442 2670 103 2678 
1256 3471 1340 1246 425 1592 2234 2678 
1256 1159 2943 467 559 2239 3310 2678 
1256 3471 1021 2925 13 3120 2678 
1017 3292 467 1105 2670 22 2678 
1017 1246 2485 1508 2678 
1231 2943 467 810 2087 2297 1448 1459 3467 2678 
1256 3471 1835 1989 2456 467 1012 2087 2678 1061 2678 2678 
1256 3471 1004 1473 1863 2378 2234 2678 
1256 3471 750 2925 642 13 2036 3227 2583 1244 2678 
1231 882 2670 467 1718 2943 3491 2678 
1231 1473 1863 1113 1261 966 1514 2312 13 3370 3575 2678 
1017 2943 467 3286 1160 364 2582 2608 2678 
1017 2943 2874 1311 2678 
1256 3471 1015 2688 2036 301 800 16 2678 
1231 3078 2670 467 2831 1077 467 404 2926 638 1205 2678 
1256 526 2943 880 2678 
1017 3292 467 3587 390 1300 2327 2678 
1256 3471 2665 539 2036 371 2678 
1231 3154 2670 467 2927 1182 467 404 1428 2678 
1256 526 1473 467 990 638 2656 2678 
1256 1159 2663 2036 1174 3554 827 934 2316 2272 2925 83 2678 
1256 3471 3148 2097 2925 13 1863 1113 2061 2678 
1256 386 3006 2004 2234 2582 916 944 2004 1915 2036 2313 916 2678 
1231 3292 467 355 2670 278 2654 701 2125 350 3292 2375 2670 1092 2678 
1256 386 2688 2036 2279 195 13 1108 716 2678 
1231 3292 467 2814 2379 2072 260 13 1784 2678 
1231 271 1246 467 319 473 1487 467 523 3104 2678 
1231 882 2670 3108 2142 827 2409 2678 
1231 918 467 3587 3078 2670 467 2831 2678 
1256 3471 1051 299 2943 467 89 2670 2036 300 3263 467 2295 742 2678 
1256 3471 3478 2670 2995 1379 2943 2036 511 953 813 3208 3296 2582 1045 1821 805 2678 
1231 2943 467 1264 2670 2036 1245 2678 
1231 1473 1863 1113 1261 966 1514 2312 13 3370 3575 2678 
1256 3471 3108 410 2087 467 1098 13 467 390 2370 2678 
1256 3471 2171 2925 642 166 3087 2923 2678 
1256 3471 2399 2670 3051 1473 2036 2840 2234 2678 
1256 3471 105 1182 2678 1918 2678 1918 2678 256 1331 2678 
1231 201 2217 2229 2643 2964 828 256 13 2362 2087 2036 807 2678 
1256 3471 2710 2925 2553 2582 586 2036 583 2678 
1017 3292 3122 3181 2678 
1231 3292 467 3188 2670 2494 917 2678 1106 3041 3258 2678 
1017 3292 2678 467 1282 2106 2678 2678 
2474 2718 2754 2678 3279 2630 2678 2943 1629 2089 2678 
3245 1011 271 1246 2073 1370 3 3587 193 58 2678 
1256 3471 1964 1473 2036 2492 2603 2897 1543 2678 
1256 2614 3292 467 1649 2203 13 627 2678 
1256 3471 2524 928 642 13 467 1840 566 2678 
3197 1113 2678 1629 3471 444 2925 642 2582 467 2998 2678 
1256 3471 934 1473 21 1118 634 1889 132 1054 403 2678 
1256 3471 278 1517 2760 1818 2678 
1231 2943 467 249 79 295 467 2442 2670 3516 13 2825 2678 
1017 1246 467 1621 3587 1202 2678 
1017 3292 467 1632 2192 2513 2678 
1256 3471 831 2925 13 2551 2653 2678 1499 2678 
1231 271 1246 467 259 2791 2974 2678 
1231 2943 467 275 355 2670 1863 2744 2678 
1017 3292 1188 918 1591 2520 3077 2678 
1256 3471 1858 1070 2925 642 2760 2036 965 3038 3351 106 2678 
1231 271 1246 2233 1085 3 2997 216 805 467 1840 566 2678 
1256 3471 2671 1182 2301 2434 1248 2678 
1256 3471 708 628 2925 642 2678 
1256 3471 2313 1506 1246 3147 1022 2234 616 1054 3590 2678 
1256 3471 3153 1283 467 923 13 2958 1668 918 2299 173 2912 467 515 2678 
1017 2925 1442 1793 2678 
1231 2914 1473 2320 1568 1508 13 2678 
1256 3471 3029 891 721 454 546 2983 2678 
1231 2943 467 1113 1402 2087 1193 2514 2670 3049 1358 2678 
1231 2943 467 581 2098 41 84 84 1985 2582 948 2678 
1256 3471 1304 2188 467 2442 2670 3516 2678 
1017 1246 1830 2725 2969 3249 2678 
1231 2943 467 1752 2654 295 2213 3054 1923 2670 2615 278 2438 2234 467 2191 2068 2678 
1256 3471 339 1477 721 271 2678 
1256 3471 2879 874 2925 1857 13 3442 2678 
1231 271 3292 1492 3079 1103 2849 467 679 889 1774 2678 
1256 2614 1246 467 1649 2203 1032 2582 13 627 2678 
1231 2943 467 397 3337 2670 2619 2678 
1256 3471 2497 1473 2036 1274 222 2234 2678 
1256 1159 3292 3280 918 2515 1588 1520 2678 
1231 1473 2036 2348 2670 1494 2113 13 2036 977 3345 2678 
1231 2943 1967 3561 3421 733 918 593 2068 2678 
1256 3471 199 1194 2268 2925 642 2678 
1256 1296 2943 467 396 427 2582 1974 1360 3602 166 724 2070 2760 3459 918 1277 590 2678 
1256 2614 1456 1473 467 1676 2170 2582 2005 2678 
1256 3471 1801 13 2036 2837 2678 
1231 2943 467 1055 1674 2670 1777 2678 2441 1910 2678 2678 
1256 3471 806 1246 417 2507 3252 13 530 2678 
1231 2943 467 1113 1036 2670 2036 3214 2670 467 223 2654 1873 2760 467 3086 454 2678 
1256 3471 130 2925 642 13 2036 553 2670 423 85 2678 
1256 3471 3411 3493 1241 2925 3466 2670 3002 1961 2670 1023 808 721 271 2678 
1256 3471 278 13 1910 324 2678 
1256 3471 2489 2925 642 2760 467 1840 566 918 3276 2678 
1231 2925 467 1226 2670 1590 2302 2678 
1256 1159 1473 412 930 467 480 1708 2582 3293 2041 343 2471 2678 
1256 2614 1473 412 1402 2678 1113 3356 2288 2943 2808 2678 2582 2100 166 119 362 822 2126 13 467 2814 2678 2678 486 2069 1225 1225 2678 
1017 3292 467 2893 1486 2678 
1231 3292 2229 918 2467 1026 2643 2479 2514 13 2362 2678 
1256 3471 502 2925 13 2036 1753 2678 
1017 3292 1960 1786 221 2678 
1231 2943 467 2072 260 2670 278 96 84 2346 2678 
1256 1159 3292 467 529 773 2670 3451 830 918 1168 2582 1045 2678 
1231 38 355 2688 2846 2944 2582 2234 2036 1145 2359 2678 
1017 1246 467 2678 909 1383 2678 1234 467 3300 39 2678 
1231 3078 2943 458 2228 2678 946 2678 
1256 1655 2943 2036 2214 2678 
1256 1159 1473 412 930 880 2582 1202 467 557 84 467 158 2678 
1256 3471 312 2925 2760 2928 1024 2678 
3245 1011 271 1246 849 3003 2362 2670 2233 2678 
1231 271 1246 1453 1379 2678 2509 935 2678 2678 
1256 3471 2318 369 2943 1382 2999 2678 2313 2678 
748 1311 2943 2774 2760 1011 2385 2678 
139 1473 467 2814 3545 1163 3268 1215 13 2164 2678 
1231 3292 467 504 3116 2087 3024 1924 13 348 2678 
1017 1246 1657 302 2454 467 2358 2799 166 1677 549 2582 467 582 2678 
1256 2614 649 2943 291 1889 3468 166 2690 2309 2678 
1256 3471 2792 1517 616 467 2448 3042 2678 
1256 2614 161 1473 1863 1113 1576 3540 2100 13 2036 3078 2678 
1256 3471 772 928 642 2760 467 1125 3593 3524 2883 2076 2678 
1231 2943 467 1113 963 412 1280 2087 2036 99 2582 957 2678 
1256 3471 3029 2234 256 2760 467 2998 2678 
3245 1011 271 1246 467 2058 1298 1329 2678 
1017 928 467 86 1622 13 393 2136 687 505 1094 3511 2678 
1256 3471 522 2670 563 750 1473 2036 280 2670 2502 3228 2234 2678 
1231 2943 467 1484 79 2670 467 3268 2678 
1256 3471 121 2925 642 13 467 2012 2670 3370 3270 2678 
1017 1246 3061 1514 1054 3587 3014 2087 467 1511 2688 2678 
1256 3471 2739 2925 3511 13 2036 2717 3098 2906 2678 
1256 3471 312 3006 2004 2234 2760 945 2355 2678 
1017 3292 467 2756 2534 2513 2678 
1231 2943 467 2679 79 2670 2580 706 2678 2231 2678 
1256 2614 1473 467 2350 1514 2312 2678 
3160 3411 2246 467 160 2670 660 166 245 2678 1011 882 17 2678 2474 1699 2678 2678 
1231 2943 71 1769 918 38 355 2678 
1231 3292 467 2814 2379 2072 260 13 1784 2678 
1231 1473 721 2670 467 347 1402 13 2848 2678 
1017 928 144 3587 3088 2582 1045 1942 2760 823 2678 
1256 3471 3352 3006 2004 2428 2582 1202 467 568 776 2670 467 399 3584 1815 2678 
1256 1159 1473 2036 1319 2482 2678 
1231 2688 2004 1045 610 2087 3583 2036 1319 2760 2036 3537 2678 
1256 2614 2438 467 2706 1045 13 467 271 155 2678 
2474 464 1711 827 3338 2760 3249 2760 1011 3078 2678 
1256 3471 2922 2925 642 2760 2036 1694 3595 923 106 2678 
1017 2943 2350 500 918 2068 2678 
1256 3471 278 13 467 336 3303 827 355 357 3572 2670 997 2943 467 2798 2678 
1256 3471 105 2036 3078 2663 2004 930 2036 1029 3073 2678 202 2678 2678 2678 
1256 2614 2892 3006 3108 3450 13 2036 3078 2678 
1256 526 3006 838 916 2678 
1256 526 2943 2036 468 337 2678 
1231 2925 467 1388 2670 1575 3307 2582 1697 2678 
1256 386 2943 1429 2673 84 2706 2678 
1256 3471 2514 2089 2943 2490 167 2678 
1256 2089 2943 1725 3455 2678 
1231 3292 467 2072 260 295 467 711 2670 430 1413 2678 
1017 2438 467 3025 1930 302 2678 
1231 2943 467 186 166 2261 2670 268 2768 2678 2096 2678 
1231 2943 467 503 587 2670 467 1113 2077 2678 
1256 3471 3214 630 2925 13 467 2352 2678 
1231 2925 467 2412 2670 1863 154 651 1346 2678 
1017 3292 1372 918 3587 1658 2678 
1256 1159 1473 412 930 2530 2582 1202 557 2678 
1256 3471 1284 13 2036 2605 2678 
1017 928 2919 218 13 2834 2678 
1231 2943 467 251 2670 2351 1324 2678 
1231 2943 467 1420 3116 2087 2472 2582 390 1797 2678 
1256 3471 630 1246 2533 500 1332 13 2812 2678 
1256 3471 629 1984 3263 3054 928 642 13 2036 1950 2678 
1231 3556 355 1900 467 977 3377 2670 2036 1648 2670 175 1451 918 2678 
3245 1011 271 1246 2978 166 467 1513 2670 194 1307 2826 2402 2678 
1256 78 2943 467 142 2678 
1256 1159 1246 412 930 2503 2582 565 3070 2678 
1256 2614 2670 467 999 918 3411 2246 467 160 2670 660 166 245 17 2678 2474 1699 2678 2678 
1256 3471 278 1517 1061 2670 2036 109 1944 13 1768 2678 
1256 3471 105 13 1054 178 2988 1240 156 3590 3292 2597 1356 2036 3214 2670 467 1864 223 2678 
3253 166 1325 828 1863 2716 13 2579 1452 2087 1629 1159 2316 2177 412 2678 
1231 271 1246 3126 1831 467 1035 1555 2678 2678 3530 1141 3095 2678 2678 
1256 3471 2413 2973 2925 642 2678 166 1011 2925 2272 2678 
1256 1159 2643 1472 1473 412 930 2582 565 1923 944 2004 2925 3398 2678 
1256 3471 3533 2670 1697 2925 642 2678 
1256 3471 278 1508 13 467 407 2678 
1256 2614 1797 3292 467 1649 2203 13 627 2678 
3245 1011 271 3292 467 3587 3014 2087 467 1511 1410 2760 2039 345 2678 
1231 2943 467 124 3188 2678 
1256 2614 2670 467 823 918 1416 2943 1220 1414 2678 
1017 3292 1488 3546 221 2678 
1256 3471 278 928 2095 2087 487 1468 918 2049 2678 
1017 3292 1154 2038 2678 
1231 2943 467 2797 1649 2203 2678 
1231 2925 467 1361 3538 2087 467 2514 1693 166 152 2678 
1231 2943 467 1269 2670 467 1903 3212 2678 
1231 271 1246 2606 1882 2678 
1017 1246 700 2110 1602 2678 2678 1795 3370 2959 2678 2678 
1256 1159 3292 467 135 2306 3338 2678 
1256 3471 278 1508 13 1348 2678 
1017 1246 572 3587 302 2582 1602 1891 80 2678 
1231 3292 467 1113 503 3597 616 467 125 3607 2678 
1256 3471 2814 911 928 2486 616 1488 3546 918 2541 2678 
1017 3292 467 3587 1227 662 1486 2678 
1256 3471 1681 1473 721 1538 2234 13 2036 988 923 2670 1957 2678 
1256 2089 2943 467 1251 2678 
1231 882 2670 3411 2246 467 160 2670 660 166 245 17 2678 2474 1699 2678 2678 
1256 3471 2514 2963 1246 1079 2521 3482 3 1543 622 2678 
1256 3471 278 3292 701 350 2375 2670 1092 2678 
1231 3266 2943 467 185 2087 3140 918 3117 842 918 3271 2678 
1231 2943 467 581 2098 41 84 84 1985 2582 948 2678 
1231 2101 2678 2385 2678 166 271 1246 2895 2846 1526 2678 
1256 3471 1975 369 2670 716 1473 2036 2204 2670 129 1357 2678 
1256 3471 1756 2925 13 2036 2776 3557 2678 
1231 2943 467 1113 1829 3116 2670 390 1992 2678 
3245 1011 271 1246 2272 730 467 1188 677 2678 
1017 2438 3567 1905 1270 2232 1203 3294 2678 
1256 3471 3167 2925 13 2036 2837 2678 
1256 3471 1645 2925 13 2036 1152 2678 
1256 1159 2943 2603 3429 2678 
1231 918 467 79 2670 3211 2678 
1256 2089 2943 542 1867 2678 
1256 3471 1 2119 2925 642 2760 2036 1571 918 2420 2678 
1256 1058 2925 1324 221 2678 
1256 3471 911 2234 1517 2760 467 1258 2670 970 2678 
1231 3266 3298 805 467 1825 2987 2678 
1256 1159 928 2134 567 918 2397 2678 
1231 271 928 467 86 1622 3511 13 3319 2136 687 505 1094 2678 
2474 3253 2678 1325 3104 2650 828 1863 2716 13 2544 2087 1629 3471 2514 2678 
1256 1159 1473 412 930 467 480 390 2582 3450 333 3207 2670 154 2011 2678 
1231 2943 467 895 2670 613 2678 
1256 3471 1112 1671 1473 412 930 2582 3252 3484 2678 
3245 1011 271 3292 467 2683 467 764 877 291 2678 
1017 3292 467 1286 51 3571 1475 2678 
1231 2943 467 2385 2670 2874 1311 2678 
1256 2614 3431 2550 2663 1863 1265 289 1514 2208 2678 
1256 2614 3371 2943 13 2036 3189 315 2782 2670 2393 2678 
1231 2943 71 1769 918 38 355 2678 
1017 1246 3184 2335 166 1644 2895 1514 1397 2678 
1256 3471 470 2234 256 2390 2678 
1256 3471 506 1246 420 3421 2143 2234 2678 
1231 2943 467 79 13 330 2678 
1256 1159 3006 3412 1508 2678 
1256 3471 105 2036 3078 1473 467 480 1174 2656 2582 467 2426 2678 
1256 3471 369 1159 2943 2036 81 1946 918 2743 2678 
1256 3471 105 1715 3263 503 919 2943 467 2894 2670 7 2678 
1256 1159 1473 2036 2603 1508 2678 
1256 3471 2109 2234 467 2406 204 2678 
1231 918 2036 2478 3357 13 2036 2686 258 2678 
3197 1011 2385 1246 854 774 1521 2036 1012 2670 467 2448 281 2618 2087 1497 2582 2842 2456 2232 834 2760 467 171 2678 
1231 2925 467 232 1388 2760 2036 1613 2876 2678 
3245 1011 271 1246 467 2814 1539 3254 3168 467 3127 2678 728 2405 2678 2678 
1256 3471 686 1246 3007 2305 1989 2678 
1017 3292 467 3587 684 457 2678 
1256 3471 1984 489 2670 3405 2925 642 944 2036 3333 1171 1077 1054 2646 2678 
1231 271 1246 1501 208 3587 2656 2760 1229 2678 
1017 1246 467 3234 282 2974 2678 
1231 3292 467 2385 2670 3222 918 2519 2670 3249 2678 
1256 3471 2879 2356 560 2925 642 2678 
1017 3292 467 1382 2670 2469 1549 2678 
1231 918 467 79 2670 855 2678 3211 2678 
1231 271 1246 467 3587 2496 2670 2678 702 2678 5 1923 2678 
1256 3471 3478 1473 2036 1648 2670 2140 2462 196 2678 
1231 3292 467 355 2670 1008 166 2206 2582 2996 13 467 2814 3110 3162 2678 
1256 3471 2724 3006 2004 1983 84 13 467 1948 923 2678 2675 467 2959 2678 2678 
1231 2943 467 1113 1036 2036 3437 3111 2678 
1256 3471 3411 1473 1033 179 2670 467 1843 2234 2678 
1256 3471 2514 1246 3253 2678 1325 26 3104 13 2579 1452 2678 
1256 2614 3452 2943 13 467 2171 2678 
1256 3471 2489 2925 642 13 1386 3599 2678 
1256 3471 3543 1473 2036 1911 2234 2678 
1231 2943 467 79 2670 2757 2678 
1256 1159 2943 1631 2021 2678 
1256 3471 444 2943 412 84 1429 2678 3575 2582 2372 2678 3575 2678 
1256 3471 278 3292 701 350 2375 2670 2001 2678 
3197 393 2385 2943 467 2042 2678 2991 2678 
1231 2943 467 1113 2282 2087 2036 2279 2678 
1256 2614 2943 2945 3577 983 2312 1321 2567 918 2582 3303 2678 139 918 467 1130 2678 2678 
1231 3292 467 2385 2670 1372 918 3587 1658 2678 
1231 2943 467 3050 301 1334 2670 1921 1579 2678 166 3319 2688 2846 565 2928 997 2678 
1017 3292 3202 601 1486 2678 
1256 2089 2943 905 2596 2678 
1231 2943 1960 1786 918 2068 2678 
1017 1246 849 5 2582 2362 13 2233 2678 
1017 1246 569 2632 166 1663 14 2678 
1231 3078 2670 467 2831 3292 970 2228 2678 
694 1629 3471 1304 2925 2417 295 467 2442 2670 3516 2678 
1256 3471 390 6 2234 1517 2087 827 2245 2582 2385 2678 
1231 271 3292 467 1109 1475 2678 
3245 1011 271 1246 2229 3003 2362 2678 
1256 1376 1473 467 89 2670 1863 508 2850 1514 2678 
1231 2943 467 919 2670 380 2678 
1231 2385 2943 2533 500 918 2068 2678 
1231 201 2670 3268 918 3067 129 2943 1942 13 2568 2678 
1372 918 3587 1658 2734 2760 1011 2385 2678 
1256 3471 1086 2925 2760 2036 896 2678 
1231 355 2670 390 6 3183 2904 84 467 259 3042 2678 
1256 3471 1800 81 2739 1246 3147 1022 1283 2678 
1256 3471 2879 1573 2670 2510 2925 642 2678 
1231 271 1246 490 1989 2678 2248 2678 2678 
1231 918 467 882 2670 3411 3536 660 3419 245 599 17 2678 2474 1699 2678 2678 
1256 2614 1797 1473 721 1538 1514 295 467 991 2670 467 923 13 2848 2678 
1231 271 3292 467 3052 3587 218 2678 
1231 1473 1255 539 2678 
1231 2943 1960 1786 918 2385 2670 3307 2678 
1256 3471 539 1731 2925 642 2760 2036 163 3336 2678 
3245 393 271 3292 467 3026 2558 709 3099 994 2678 
1256 1296 2943 115 918 79 2678 
1017 3292 467 1880 481 3201 3532 2678 
1231 963 1473 73 2000 1213 916 3419 467 31 2678 
1231 3154 2670 1034 805 467 949 1182 2595 3101 3457 1127 2935 2861 2678 
1231 1032 2670 1797 1246 467 141 835 3560 2258 84 467 2851 2678 
1256 3471 3533 2670 584 2925 642 2678 
1231 2943 467 1113 503 3597 2670 2036 99 13 2073 13 671 2678 
1256 3471 2413 2973 2925 642 2678 166 1011 2925 2272 2678 
1231 2943 467 397 3337 2670 2285 2678 
1017 3006 2004 3600 3405 778 2678 
1256 3471 3206 2925 13 718 2678 
1231 2943 467 1420 3116 2246 3575 166 467 2814 2678 
1231 2943 467 3424 3116 2670 624 995 2678 
1256 3471 3260 1473 2036 485 2234 2678 
1256 386 2688 2004 2981 2678 
1017 1246 2609 1201 2959 2791 1935 298 302 2678 
1017 3292 1429 918 101 2127 2623 1155 2678 
1256 1159 1246 467 2895 1778 3387 60 1543 2678 
1256 1159 1473 412 930 2087 945 2528 2582 1989 357 1483 1773 3419 467 1718 2678 
1017 3006 2573 1201 2357 3292 221 2678 
3245 1011 271 3292 2589 2735 690 221 2678 
1231 2943 1113 2493 2670 102 2332 13 319 473 2678 
3197 1113 2678 1629 1159 963 1473 412 930 2582 2775 2036 2114 2678 
1256 1159 3006 2081 2471 164 2678 
1256 3471 2670 1646 2479 1072 2670 467 2487 1832 1888 2234 1143 1873 2036 2221 2678 
1256 3471 686 2925 2917 1321 467 1597 2314 13 2036 271 2678 
1256 3471 3379 3326 2925 642 13 467 2814 2678 
1231 1036 2943 2490 167 2678 
1256 3471 2803 2438 467 2362 1184 13 1569 2678 3174 1321 2036 1385 2151 1321 248 1656 2670 2814 2678 2100 2678 
1231 3078 2943 33 1288 467 2678 3300 3078 2670 37 2678 2678 
1231 3292 801 918 460 2678 
1256 3471 593 3353 3568 2925 642 13 2036 2688 2670 1837 2354 2678 
1256 2614 1473 2036 1754 2113 2678 
1256 3471 2252 2925 642 2760 2036 2712 106 2678 
1256 3471 1633 1473 2036 625 2291 1983 2678 
1017 1246 2435 1887 1379 467 2678 996 2670 2410 2678 2678 
1256 3471 278 2234 256 2320 1910 2678 
3245 1011 271 3292 237 2486 2678 
1231 2943 467 963 412 1280 2036 1556 2582 2775 2036 2114 2654 2943 3376 2594 1159 2678 
1256 3471 2399 2670 3543 1473 2036 3473 602 2234 2678 
2474 3228 2678 2248 2678 3292 2917 13 1011 271 2678 
1256 2614 1473 412 1402 2582 2234 2036 1145 2359 1321 1013 2678 873 2678 439 2678 
1256 1159 3006 3022 3141 1508 2678 
1231 2101 928 2004 221 13 944 945 1196 2943 1183 2678 
1256 2614 1797 2688 2036 1174 1045 610 2087 3583 2036 1319 2760 2036 3537 2678 
1231 2385 1246 2279 3587 3318 2760 467 2998 2678 
1256 3471 2277 59 2925 642 2678 
1256 3471 1090 2656 196 1230 2886 13 2036 271 2678 
1256 386 1923 2943 467 465 2678 
1256 3471 2398 2752 1473 2036 1527 1514 1811 196 2036 81 923 2678 
1256 3471 1897 726 2925 642 2582 467 371 2678 
1256 3471 55 2925 642 13 467 2603 1794 2678 
1256 386 2943 412 84 3425 2582 717 2678 
1256 3471 278 17 1424 912 2678 
1256 3471 2792 2925 642 2760 2036 3512 223 2678 
1256 1159 1473 412 930 2582 798 467 2664 3142 2705 2678 
1256 3471 105 2688 2036 533 782 3349 1045 3311 2678 
1256 3471 2747 1473 467 3347 352 2678 
1256 3471 892 2925 1805 2582 721 1538 13 2394 2765 2678 
1231 963 2670 271 3006 404 278 602 2678 
1017 2943 467 1729 3370 1584 2678 
1256 386 2688 2036 2603 1204 2981 2678 
1231 963 2670 271 1182 467 404 2295 195 2678 
1017 3292 467 603 1726 2670 2538 3489 2678 
1017 1246 2272 3539 467 2927 2678 
1231 882 2670 1547 3268 2681 1294 1587 13 467 2814 2678 
1017 1246 467 3178 3401 302 2678 
1256 3471 1161 928 642 13 467 3427 399 2678 
3197 1011 3078 928 2597 2298 166 446 1237 1397 2678 
1256 2089 2943 303 2027 372 2678 
1017 1246 2682 166 194 1882 113 2402 2678 
1256 3471 1086 2925 2760 2036 896 918 3112 2678 
1231 2925 467 719 2670 66 944 467 2662 1473 44 922 467 290 2678 
1256 1159 298 412 930 2087 2036 2678 604 3028 2582 852 2678 
1231 2943 467 1113 1402 2087 1193 2514 2670 3049 1358 2678 
1256 3471 266 2925 642 2760 463 918 3276 2678 
1231 918 1581 918 1253 2760 2036 2498 3231 3345 2678 
1231 882 2670 390 1581 2925 1000 2678 
2163 2678 873 2678 439 2582 2234 2036 1145 2359 2438 1402 1629 2614 2678 
3245 2441 194 2678 1629 3471 390 1257 2925 642 2678 
1231 2925 467 715 2654 2029 196 2855 918 1543 176 2678 
1256 3471 3108 2234 2569 2678 
1256 3471 349 1473 2036 2108 1484 352 2678 
1256 78 2943 2951 2678 
1231 2943 467 355 2670 390 6 1206 2582 2441 194 2678 
1231 2943 467 3439 1446 2814 209 3316 79 2678 
1231 355 2943 295 1698 2247 2076 2760 2036 894 2678 
1256 3471 444 2670 1574 2925 13 467 2956 3230 2678 
1256 3471 2678 3001 2678 1482 3292 467 1231 918 1419 192 2678 3304 665 2678 
1231 2943 467 824 2087 3583 2036 1319 2760 2036 3537 2678 
1256 3471 1193 1003 3191 928 642 166 599 2925 2272 2678 
1017 1246 500 1526 2678 
1256 3471 1072 2925 13 467 2706 2270 2785 2678 
1256 1159 1246 3253 166 1325 26 3104 13 2579 1452 2678 
1231 918 2036 2478 3357 13 2036 2686 258 2678 
3012 1011 1036 1246 3393 1042 2014 128 2678 
1256 2089 3292 1852 1025 2678 
1256 3471 502 2925 642 13 1390 2205 2678 
1256 1655 2943 672 2342 13 1046 2678 
1017 2943 2036 193 404 432 2678 
1256 3471 278 13 3456 2678 
1231 2943 467 1149 2282 2670 2036 224 2051 99 2654 2943 2182 2678 1073 2678 
1256 2614 2943 2036 48 1838 3224 1406 2938 2132 3152 2678 
1256 3471 2514 1246 722 696 2482 2678 
1256 1159 1473 412 930 2087 945 1718 2582 2971 2528 2643 2004 2624 945 2528 2678 
1256 3471 2514 1989 2456 2036 2766 2678 
1256 2089 2943 467 936 2754 3279 2630 2678 
1017 3292 467 1740 383 2678 
1256 526 2562 2036 257 195 2582 2048 557 918 2230 2678 
1256 3471 187 2925 642 2760 2036 2921 2516 504 2678 
1256 3471 67 790 928 1717 295 467 140 2941 2678 
1017 3292 2533 500 221 2678 
1231 2943 467 56 1036 2582 1692 2036 1308 84 2036 1664 2582 2036 1369 2678 
1017 2943 467 158 1363 2582 467 557 2678 
1231 2943 467 1113 2626 707 1964 901 2495 1321 2449 3558 2678 
1256 386 1002 2943 467 2998 2678 
1017 1246 2023 302 2424 2678 
1256 3471 55 2925 13 467 2603 1794 2678 
1256 3471 397 2329 2925 642 2678 
1231 2943 467 581 79 2087 3504 1215 2678 1455 2678 2682 2678 332 2678 795 2678 1291 2678 2233 2678 2748 2678 467 1177 2678 
1231 2943 467 3465 1036 2036 1712 3356 1272 2688 2234 1863 1344 2678 
1256 3471 1148 2321 2036 2215 13 467 2570 2678 
1256 1159 1473 3513 1931 13 945 3230 2678 
3197 393 3315 1473 467 1566 2670 467 1666 482 13 691 2678 2682 2678 
1256 3471 3210 3292 467 2289 2869 2713 2036 1899 441 2259 674 2678 
1256 3471 471 1357 467 3325 1991 467 1398 193 13 3608 3126 918 2878 173 2474 971 2678 
1231 2943 467 1402 2670 467 543 2553 13 2346 3381 2678 
1256 3471 3402 1373 2925 642 13 467 2814 2678 
1256 3471 1597 2161 2251 100 2760 60 2643 467 3042 295 2210 2678 
1231 271 2943 2303 2760 467 253 2899 2670 1224 84 467 1949 3272 2818 2760 2036 2688 2670 1534 918 1753 3362 2678 
1256 2614 1797 1473 467 2224 2670 3045 2234 2678 
1231 2101 918 316 2622 2943 467 1728 3013 2970 137 2760 2678 
1017 3292 2597 1137 2761 221 2678 
1256 1159 1473 199 1194 2223 1054 2471 1570 2678 
1256 3471 278 2925 2835 3263 3422 369 2678 
1256 3471 3216 1989 2456 2034 2678 
1256 3471 630 2234 2036 1940 2678 
1231 3569 2670 3411 2670 160 2246 660 166 245 17 2678 2474 1699 2678 2678 
1256 3471 2648 2925 642 13 1400 2678 
1256 3471 3566 2656 2582 467 1630 721 271 2678 
1231 2943 467 79 2670 1826 2678 
1231 2914 1246 2632 918 669 282 302 13 2678 
1256 3471 1070 2701 2036 3401 295 467 2974 2670 2036 1802 2678 
3245 1011 271 3292 467 1188 677 3077 2678 
1231 2943 467 2282 2670 2036 2348 2670 1494 13 2036 977 3345 2678 
1231 2943 467 2679 2282 2670 2036 2348 2670 1494 13 2036 977 3345 2678 
1256 386 2943 699 84 2865 2678 
1256 3471 2909 2925 13 2036 1651 2678 
694 1629 2614 1473 2036 2348 2670 1494 2113 13 2036 977 3345 2678 
1017 3292 467 3494 2670 2694 2678 
1256 2614 3431 2550 2663 2036 3398 193 1514 721 3078 2678 
1231 271 3292 467 3587 1776 1351 2678 
1256 3471 689 1246 2233 1514 2582 3408 2643 2959 2791 2846 2678 
1256 3471 630 2234 2036 2678 198 3104 2678 2087 3358 1860 2678 
1256 2089 2943 2490 167 2678 
1231 2925 467 327 3343 2670 2935 2805 2678 2284 2678 166 151 2678 467 87 2286 2678 
1256 3471 1384 2925 642 13 2036 49 2678 
1231 2925 467 3538 2087 2585 1673 13 3589 2678 
1231 918 467 3357 2670 2036 1131 81 923 2678 
1256 3471 578 344 2234 642 256 2678 
1256 3471 2201 2234 3350 2760 467 2998 2678 
1017 3292 1659 1137 1120 2746 805 1827 2678 
1231 2943 467 3410 2493 2087 991 121 2678 
1231 2438 467 2706 3314 3392 1045 13 467 271 155 2678 
1231 2943 467 3188 2087 2346 543 2678 
1231 3292 467 3587 1649 2203 2678 
1256 3471 278 1643 13 3390 13 467 313 2875 2678 
1231 271 3292 1142 2507 918 3587 622 291 2678 
1256 3471 3239 1182 3505 1841 256 13 2678 
1256 2367 2943 467 2551 3339 2678 
1256 3471 3167 2925 13 2036 2837 2678 
1318 1629 3471 6 1517 13 2959 2791 1522 2678 
1256 3471 652 2925 13 467 2603 1676 2678 
1256 3471 596 2925 642 2760 467 557 2678 
1256 1159 1473 2036 602 1508 2678 
1256 3471 755 2925 642 13 2036 2612 2678 
1231 1032 2670 3431 2550 2663 1863 1265 289 930 2208 2678 
1256 3471 444 2943 412 84 1577 2678 2233 2582 571 2678 1291 2678 
1256 3471 1913 2925 2695 13 1355 1172 1437 918 768 2005 2474 1432 918 3186 13 767 2678 
1231 2925 467 719 2670 66 944 467 2662 1473 44 922 467 290 2678 
1231 2101 1246 467 2677 1039 2841 2678 
1017 3292 467 1591 1862 13 1188 3174 2678 
1256 2614 2670 467 2563 2160 2943 1351 1321 1809 617 2678 
1231 882 2670 467 2563 2160 2943 3406 1321 1809 617 2678 
1231 2385 2943 748 1311 2678 
1256 3471 435 78 2943 2120 3445 295 3307 2678 
1256 3471 668 857 928 3563 2917 2678 
1231 2914 918 467 185 2087 529 918 2474 122 2670 1810 2631 2678 
1231 436 1246 1736 1726 2887 2678 
1231 2943 467 1055 1674 2670 1777 2678 2441 1910 2678 
1256 3471 1573 2670 91 2925 642 13 1455 2678 
1256 3471 2678 1972 2678 1473 2036 1739 2234 2678 
1256 3471 574 2925 642 13 467 3268 2678 
1256 3471 2252 2943 2036 625 13 467 2018 3345 3152 13 1957 2678 
1231 271 1246 467 2791 2670 2896 302 2678 
1256 3471 1428 2925 13 467 2927 2678 
1231 1779 2961 2701 467 2164 2408 13 467 355 2087 1159 3020 997 2678 
172 2693 918 3023 2087 1011 882 2670 2563 2160 2678 
1231 2943 467 2493 2670 2036 2814 1914 2678 
1231 918 467 2651 1582 2678 13 435 2678 2670 2036 3587 1790 918 190 2678 
1231 2943 467 1916 79 2670 467 3268 2678 
1231 2943 467 404 355 2670 1117 2024 1321 2036 2776 223 13 1863 1438 651 923 2678 
1256 3471 937 2036 3078 1246 1101 2453 3303 2004 2189 1514 1321 2760 13 3442 13 1187 2678 
1017 1246 430 956 2168 1543 2002 2678 
1017 3292 1308 1041 188 2678 
1256 3471 1401 3221 2688 1045 2917 84 467 1193 2884 2678 796 2678 
1231 963 2670 271 2943 2295 195 467 2156 2678 
1256 3471 2770 2925 642 13 2036 384 2707 2678 
1256 3471 2032 2925 13 2036 2837 2678 
1256 1655 2943 2036 3158 2898 252 2678 
1231 3292 467 1282 3515 79 84 1767 2678 
1256 3471 278 1246 701 350 3387 2678 
1256 2089 2943 1326 2089 2087 2036 1308 2582 44 1045 2936 2678 
1017 3292 467 2532 2322 1155 2678 
1256 3471 818 2670 467 557 918 1416 1018 3493 129 2678 
1231 2943 467 1994 2012 1674 3392 3116 2678 
1231 2943 467 503 3597 2670 1863 2744 2678 
1231 2943 467 41 1402 2087 467 230 1773 2246 3370 1078 166 1429 2760 2121 2678 
3015 1629 2614 2438 467 2706 2012 3314 3392 1719 1321 467 271 155 2678 
1256 1159 2943 467 632 2246 2568 166 467 2645 1354 630 2678 
1231 3292 229 3105 918 3587 1478 3152 2678 
1256 2089 3292 2900 1249 1889 467 2361 2678 2846 455 2325 2678 2555 2678 
1256 3471 2252 2943 2036 1625 3152 13 1934 2678 
1231 2943 467 79 2670 914 2678 
1256 2614 1611 704 2943 1350 13 357 3078 13 467 3268 2678 
1256 3471 1908 3232 2925 1083 1646 3078 2678 
1231 2943 1626 3541 918 2385 2670 3307 2678 
1231 2943 467 1582 2670 632 2246 467 1660 166 138 2678 
1231 2943 467 1113 963 2582 509 2179 2678 
1256 2614 3371 2943 13 2036 3189 315 2782 2670 2393 2678 
1256 1655 2943 2249 2678 
1256 535 2943 411 2678 
1256 2614 298 2036 68 1066 1848 1045 3152 2678 2635 1733 2760 412 2678 
1231 2943 467 1752 2654 295 2213 3054 1923 2670 2615 278 2438 2234 467 2191 2068 2678 
1256 3471 278 1246 467 319 2162 1819 2582 1892 2971 415 166 2685 1434 207 13 451 13 2278 348 2678 
1256 3471 643 2925 498 2760 823 2678 
1017 3292 467 3587 3396 2932 2307 676 2678 
1256 1159 298 412 930 2582 1514 84 557 2582 250 2678 
1256 1159 3292 467 1647 3065 60 2678 
1231 918 467 2651 355 2670 2443 2036 781 181 634 13 2036 230 2678 
1256 3471 2879 1215 1219 2393 2678 
1256 3471 2809 2925 642 2678 
1017 1246 467 816 597 753 482 2678 
849 984 2582 2362 13 2233 13 1011 271 2678 
1256 3471 278 1526 84 2346 721 271 2678 
1231 2943 467 1269 2670 467 1903 3212 2678 
1017 3292 1238 182 1859 1557 1288 467 1762 2670 839 166 1775 549 2582 2814 2638 2678 
1256 3471 2514 2670 1444 3273 2701 1173 2036 146 2678 
1256 3471 278 2234 1517 2670 2346 2678 
1256 3471 2470 1473 2036 480 3185 1508 2678 
1256 3471 1671 13 3494 1489 84 467 2778 2044 2670 3042 805 3469 2678 
1256 3471 1358 2740 2925 642 13 467 319 473 2678 
1256 1159 1246 467 1949 431 16 1923 2087 2518 467 595 2670 1455 2678 
1256 2614 980 2943 13 945 1718 2678 
1017 1246 2229 1234 2422 93 2678 
1256 2614 3006 543 2582 1683 2346 1402 2678 
1256 3471 3055 2627 2925 642 2760 2036 626 3472 2678 
1256 1376 2663 467 2647 1045 1889 2886 1448 1459 3467 2678 
1256 2089 2943 2881 165 2678 
1256 3471 278 1526 84 1545 1214 13 467 2814 707 271 2678 
1256 1334 2943 467 114 2670 779 2678 
1017 3292 2907 2867 196 467 566 2678 
1256 3471 105 2036 271 1473 467 390 1995 2952 1270 2474 1995 2678 
1231 2438 467 495 1045 13 467 2706 3314 3392 1321 155 2678 
1256 386 2943 467 135 3345 13 3562 2760 884 3231 3251 166 3319 1246 412 1329 2678 
1256 1655 2943 2036 2492 919 2662 2087 2036 2982 2678 
1256 3471 390 6 3183 2904 84 467 259 3042 2678 
1256 3471 1060 2564 467 1312 587 2670 467 1842 1862 2839 2678 
1256 2614 1246 2772 319 2709 2760 2286 13 2692 2678 
1256 3471 2514 2670 908 2643 2363 1473 412 930 2582 1234 2036 1982 2678 
1017 1246 430 956 134 1543 2234 2036 1597 711 2678 
1256 1159 1182 1059 2091 448 256 1397 2678 
1256 2614 1246 2036 743 918 1175 2113 2678 
1256 78 2943 1644 2895 2678 
1231 2943 467 2282 2670 2295 2678 
1256 1159 2943 467 3268 918 2672 3312 2678 13 3167 2678 
1256 78 2943 467 2105 2670 467 3229 295 1207 2678 
1256 3471 105 3292 1946 2678 3389 644 2678 2036 1567 746 13 1054 1278 1597 1507 263 2678 
1256 3471 2391 2925 2553 13 1156 2678 
1256 3471 278 2234 256 1717 13 2537 2678 98 2636 2678 
1231 3292 467 3587 1649 2203 2678 
1256 3471 1573 2670 1065 2925 642 2678 
1256 3471 2459 1182 2036 2840 2713 2036 962 723 2678 
1231 2943 467 79 2670 467 319 473 2678 
1017 1246 467 390 2975 2791 2974 2678 
1256 1159 1473 412 930 467 2998 2582 40 2416 467 557 2678 
1017 1246 467 2751 1543 2002 2678 
1017 1246 467 3509 2216 850 2456 2678 
1231 3006 734 2113 631 13 2678 
1256 1655 2943 467 1128 3524 2678 
1256 1159 1473 412 930 2582 195 84 1348 2582 879 2678 
1231 2943 467 3410 2493 2670 2036 1727 2678 
1231 3154 2670 1034 805 467 949 1182 2595 3101 3457 1127 2935 2861 2678 
1256 3471 390 3089 928 3542 2087 467 3233 3161 3308 2087 530 2678 
1017 1246 1005 3235 2678 2036 2529 360 2670 71 2582 3549 2678 1526 2678 
1256 1159 3292 467 135 2659 3338 2678 
1017 1246 500 2293 2978 2678 
1231 918 467 316 2101 2670 467 370 2273 2678 
1256 3471 477 2008 2541 13 2036 777 2678 
1231 3154 2670 467 2927 1182 467 404 1428 2678 
3245 1011 271 3292 467 677 3174 2678 
1017 3292 2357 221 2678 
1231 3266 1473 2036 3179 1720 1933 930 3528 13 2678 
1231 2943 467 3268 1936 2087 467 135 2721 2678 
1256 2614 1473 357 1608 2670 2905 1402 2678 
1256 3471 1731 1473 1863 1197 2234 2678 
3245 1011 271 3292 467 1336 1486 2678 
1256 3471 874 1473 467 2390 1287 2678 
1256 3471 369 1334 2943 467 3603 13 1750 2670 2036 3192 918 1742 129 2310 2678 
1256 3471 502 2925 642 13 2036 2593 2670 129 2678 
1231 2943 467 397 3337 2670 3317 2678 
1256 3471 1215 17 2007 3442 2678 
1231 2943 467 1771 2408 2087 2579 1452 1091 2678 
1256 3471 1972 1473 2036 1425 2234 2678 
1256 3471 3092 928 2965 2678 
1231 2687 963 3006 64 1508 13 2678 
1017 3292 2978 918 3587 597 1198 2678 
1256 2614 2688 2036 1174 1045 610 2087 3583 2036 1319 2760 2036 3537 2678 
1017 2943 1960 1786 918 2068 2678 
1231 1779 2961 2701 467 2164 2408 13 467 355 2087 1159 3020 997 2678 
1017 3292 467 605 1486 2678 
1256 3471 892 2943 721 1538 1805 13 1322 2839 2678 
1256 2089 3292 1725 3455 1889 2786 713 805 1104 1242 2678 
1231 271 3292 467 1901 2457 3571 1475 2678 
139 1473 467 2814 3545 1163 3268 1215 13 2164 2678 
1231 2943 467 3188 2087 1210 918 3062 2003 2571 2678 
1231 2943 467 79 2670 2102 2678 2907 2678 
1256 3471 278 1508 13 2648 2678 
1256 1334 2562 2036 1986 1045 2582 1045 2713 2036 1986 2678 
1256 3471 2074 2688 2066 1045 1942 13 467 407 2643 467 3042 11 2678 
1256 3471 1502 2670 129 2656 549 296 414 1646 2605 2678 
1256 3471 3327 2670 1863 622 2562 1045 1248 2087 412 2582 1045 2036 2938 622 2678 
1256 3471 3355 1246 467 1185 2628 71 462 2760 3 2605 2983 2678 
1256 3471 358 1989 2456 2036 1796 2678 
1231 1680 2670 2036 633 918 503 2943 901 2697 2678 
1256 2614 2438 3314 1045 1200 13 2706 1321 467 271 155 2678 
1256 3471 1835 1989 2456 467 1012 2087 2678 1061 2678 2678 
1256 3471 2613 203 2925 642 13 467 2814 2678 
1256 1159 1473 412 930 467 2250 712 2184 2582 1989 357 353 2678 
1256 3471 278 2142 143 2678 
1256 1159 1473 412 930 2879 472 2582 2584 2678 
1256 3471 3210 2925 642 13 2036 2666 2678 
1256 3471 3499 2911 928 642 2678 
1256 78 2943 467 3229 2678 
1017 3292 3017 2832 221 2678 
1256 3471 3068 2015 675 2925 642 2678 
1256 2614 1797 1246 467 3560 2258 84 827 2245 2678 
1256 3471 496 365 1863 915 81 923 2678 
1256 3471 1327 1473 43 2678 2989 1906 2678 
1256 2614 13 444 2943 2036 1411 2611 916 2678 
1017 3292 1540 221 2678 
1256 1159 2963 3292 467 61 580 547 2043 1321 467 1462 903 2678 
1231 2943 467 919 2670 467 249 1718 295 467 2442 2670 3516 13 2825 2678 
1256 3471 2879 499 2670 154 2011 2925 642 2678 
1231 2943 71 1769 918 38 355 2678 
1017 1246 127 402 1526 2678 
1256 1058 2925 1676 2097 612 2678 
1256 2614 1246 546 2709 2760 3125 13 2692 2678 
1231 918 467 390 1406 3598 2087 1879 755 13 467 2673 2678 
1231 271 1246 2895 2290 1526 2678 
1017 1246 467 1543 3108 2887 259 2678 
1256 3471 278 1517 1889 467 2115 174 13 3503 2678 
1256 3471 3210 2925 642 13 2036 2666 2678 
1231 2943 467 1113 2493 2670 2036 614 2678 
1256 3471 1804 2392 2925 642 13 467 3268 2678 
1017 3292 467 1543 1597 711 2670 430 956 2168 2678 
1256 2614 1246 467 3587 684 1654 2257 2087 13 1509 2678 
1231 2943 467 186 166 2261 2670 268 2768 2678 2096 2678 
1256 3471 1600 3449 2925 642 13 1747 154 3150 721 271 2678 
2139 2492 2603 2897 1763 1629 3471 1964 2678 
1231 2943 467 3587 3078 2670 467 2831 2678 
1256 3471 2670 2923 2925 13 532 975 2678 
1256 3471 444 2925 642 2246 3246 2753 2678 1657 166 3436 2678 1624 2678 
1256 3471 1327 2670 154 2011 1473 564 408 918 2234 2678 
1256 3471 94 1473 646 2172 2234 2760 1054 898 2678 
1256 78 3292 467 904 3421 2064 2678 
1231 2943 467 79 2670 3469 2678 
1256 2614 1246 3459 1402 1889 1589 84 138 2678 
1256 3471 265 1989 2456 467 853 2678 
1256 3471 2852 2925 642 13 2036 2578 636 2678 
1256 3471 2884 656 805 467 715 3054 2582 2026 2760 2036 285 1393 2678 
1231 3292 467 1649 2203 13 627 2678 
1017 2943 467 606 1623 670 1811 2582 467 1685 2018 13 1766 1499 2678 
1256 2614 1246 2494 917 1772 2582 2257 3 1106 3041 3258 2582 467 3438 1726 2087 2678 
1256 3471 278 798 2678 
1256 3471 278 1517 2760 2441 1620 1328 13 897 2678 
1231 2943 2350 500 918 1990 2678 
1256 3471 278 1517 13 467 259 3042 2678 
1231 271 1246 3443 1234 2036 2012 2678 
1017 3292 467 2271 2501 2678 
1256 3471 475 2035 467 557 2678 
1256 3471 1368 1473 467 1113 459 634 1889 364 2087 2036 1780 2678 
1256 1159 3006 2004 2234 2582 1508 13 2036 449 2582 2122 2678 
1256 1655 2943 467 2386 3091 2678 
1231 2943 467 895 2670 613 2678 
1256 3471 3216 1473 1928 2234 2678 
1231 882 2670 467 3268 918 3600 166 3130 2392 2688 1045 1942 13 467 2543 2758 2678 
1256 3471 1112 1138 1671 1473 3129 2234 2678 
1256 3471 2083 2670 3334 928 3018 13 467 2874 665 707 3078 2678 
1017 3292 467 1386 1710 1675 2678 
1256 3471 2626 2670 2005 1473 412 930 2036 1556 2582 1483 2036 2419 2114 2678 
1256 3471 105 1473 467 3106 883 166 868 721 3078 2678 
1231 918 467 929 3598 2670 2092 1051 2525 2678 
1256 3471 1368 1473 1863 1176 2234 2678 
1256 3471 338 3096 2456 2036 600 2087 1016 1198 409 2678 
1231 3292 467 2308 2505 2493 2087 2036 589 2678 
1231 2943 3279 2630 918 1036 2678 
1256 3471 1119 2670 1304 2188 467 2442 2670 3516 2678 
1318 1629 3471 3108 2925 2066 2904 2087 84 467 259 3042 2678 
1231 2943 467 397 3337 2670 3317 2678 
1017 2925 467 1285 3418 2565 13 3453 2678 
1017 3292 2380 918 3587 2929 2468 3174 2678 
1231 2925 467 1388 2670 1575 3307 2582 1697 2678 
1231 2943 467 1032 2670 1797 1690 2087 703 3583 2036 1319 2760 2036 3537 2678 
1256 1655 2943 467 2672 667 2678 
1017 1246 467 1125 646 2172 2361 2656 1553 467 2295 2678 
1256 3471 874 2925 642 13 467 3268 2678 
1256 3471 435 549 2719 369 2943 264 2446 2678 
1256 2614 2189 2004 2590 2036 1474 1050 2087 13 1988 2678 
1231 2943 467 1254 1674 2670 467 568 2479 2678 568 2182 2678 166 568 3562 2678 
1256 2614 3240 2943 467 3358 2830 814 2856 1486 1321 467 1348 1493 2670 3090 3521 805 467 2856 2917 84 3382 2678 
1256 2614 3006 2346 2150 543 1402 2678 
1256 3471 522 2670 1320 1473 2036 2560 2234 2678 
1231 2943 467 3268 79 1288 2670 225 2678 
1256 3471 2866 2925 642 13 467 2566 1371 2678 
1256 3471 1072 2670 2036 1722 2189 1045 2787 13 467 2814 1186 616 2959 2791 1522 2678 
1231 2943 467 1113 2385 1889 404 1049 302 2844 2456 2991 368 2364 2678 
1256 3471 338 2925 13 467 2819 3053 2678 
1256 3471 2093 2471 2189 2029 13 357 1758 1418 2678 
1231 2943 467 3429 3401 2087 2603 2263 2678 
1256 1159 1473 467 1113 2828 705 1508 2678 
1231 918 1581 918 1253 2760 2036 2498 3231 3345 2678 
1256 3471 1215 2925 642 2678 
1256 3471 3219 2925 13 3562 2837 2678 
1017 3292 467 3587 968 2601 585 2087 2036 2603 2678 
1256 3471 2292 1989 2036 28 2678 
1256 3471 105 1182 2871 783 635 2036 1922 2087 467 1396 3486 2678 
1231 2925 1648 2152 805 911 2678 2253 89 3152 2678 
3245 152 2678 1011 3078 2670 467 2831 1246 2991 1531 2760 2678 
1256 3471 390 6 2925 1627 13 2441 194 2678 
1256 3471 369 1984 3263 3054 2943 467 1113 1734 2670 467 1282 677 2670 2978 2678 
1256 1159 2963 1246 467 1970 1874 3163 84 467 1630 2678 
1256 2614 1246 2325 1172 981 538 1907 2087 3592 2880 2678 
1017 3292 467 1313 3174 2678 
1256 1159 1473 2036 1916 918 1344 1543 2678 
1256 3471 1822 2234 256 878 2087 832 13 467 741 336 2678 
1231 2925 467 1361 3538 2087 467 2514 1693 166 152 2678 
1256 3471 435 2588 2925 2684 2391 13 3227 2583 2678 
1256 3471 444 2670 1634 2925 13 2474 847 2678 
1256 507 2943 2036 621 2678 
1231 2943 467 1365 355 2670 2313 1506 2760 1936 2087 884 357 923 2678 
1256 3471 3207 2670 1433 1816 2943 2811 2582 1989 357 371 2670 1047 2678 
1256 2089 2943 467 465 2678 
1017 1473 467 2927 3303 467 263 1083 2678 
2474 86 1622 13 393 271 665 2136 687 2582 1234 1094 2678 
1256 3471 278 1526 2670 2346 2145 2678 
1256 1376 2663 467 2647 1045 1889 2297 1448 1459 3467 2678 
1256 3471 278 1473 3404 235 13 467 2814 2678 
1256 2614 594 2663 1863 459 2108 2234 2208 2678 
1017 3292 2609 221 2678 
1231 2943 467 79 2670 467 2672 2123 114 
1256 78 3292 467 904 29 
1256 3471 444 2943 412 84 2617 2582 1291 2678 
1256 1655 2943 467 465 653 2678 
1256 3471 1731 1473 2036 520 2234 2678 
1256 2089 3292 1381 2677 273 1889 2786 2439 382 1056 2678 
1231 1779 2961 2701 467 2164 2408 13 467 355 2087 1159 3020 997 2678 
1256 3471 105 1984 3263 2657 
1256 3471 987 2925 642 2087 3460 278 2678 
1017 3292 467 3587 1110 2593 3360 2917 2678 
1017 1246 2697 1234 1951 2678 
1256 3471 1502 2670 1379 1473 412 930 2582 1379 467 1842 1862 2839 2678 
1017 1473 974 302 2678 
1256 507 2943 2036 621 2678 
1231 2943 467 275 355 2670 1863 2744 2678 
1256 2089 3292 1364 3323 1889 2786 1517 2678 
1256 3471 693 3525 13 467 259 2791 
1256 2614 963 1473 467 3170 2670 1863 1204 930 2678 
1256 507 2943 2036 621 2678 
1017 1246 467 634 2670 2678 467 2045 2678 3587 656 13 2415 1891 2678 
1256 3471 278 2293 467 2390 721 2101 2678 
1231 2101 2670 467 271 2943 642 1221 912 13 2111 2678 
1231 2943 467 581 1361 3116 13 467 2814 2678 
1017 3292 467 3587 3386 84 467 577 590 2582 467 2173 590 1223 2678 
1256 526 2688 2036 3341 2656 2678 
1256 2614 1246 2036 2323 918 2859 1402 13 2347 2678 
1256 3471 928 13 2992 295 467 2548 2504 2678 
1256 1159 2663 2004 2769 945 2845 1006 2915 157 2678 
1256 3471 278 1246 701 2125 350 3387 2678 
1256 3471 3379 3326 2925 642 13 467 319 473 2678 
1017 3292 467 1188 677 3077 2678 
1017 3292 1500 3125 1235 2760 912 166 241 2678 
1231 2663 467 810 1045 2421 295 754 2297 1448 1459 3467 2678 
1256 3471 2313 1506 1246 3017 2832 1915 13 1054 1140 2678 
1256 3471 3210 2925 642 13 467 1703 2678 
1017 1246 866 2794 2338 467 2874 2678 
1256 3471 1581 1517 2599 467 1865 2839 2678 
1256 1159 3006 2004 2234 2582 845 1421 307 2643 1999 3154 615 276 2678 
1256 3471 47 1473 2036 99 2234 2678 
1017 3292 1947 383 2678 
1017 1246 2350 1237 2678 18 759 3151 2678 166 175 2461 1547 1526 2678 
1256 3471 6 928 598 13 467 1543 839 2519 1321 467 319 473 2670 1910 2678 
1256 3471 906 501 2362 467 2198 467 3363 3238 3114 196 1891 2678 
3245 1011 271 1246 229 579 833 1054 1979 132 2789 2678 
1231 271 3292 467 185 2087 390 1445 2678 
1017 1246 467 2632 2670 69 302 2678 
1256 2614 1246 467 1409 3605 1402 2678 
1256 3471 2597 3510 2598 2234 256 1351 2678 
1017 1246 3570 2644 2974 13 3084 2678 
1256 3471 1479 2925 642 2760 2036 1694 3595 106 2678 
1256 3471 278 1508 13 961 2678 
1017 1246 2895 1937 1526 2678 
1256 3471 790 1246 3492 1009 1276 13 467 3495 2153 2941 2678 
1231 2943 467 810 225 2678 
1231 2943 467 810 2087 2801 2678 
1231 1470 2814 2012 227 467 404 739 2678 
1231 2943 467 1365 1275 13 467 319 473 2678 
3289 660 630 1902 2742 2607 2678 
139 3006 467 2341 2670 2678 2474 1343 92 3372 2678 930 3528 2678 
1231 2245 3006 467 1375 491 1426 2582 2678 
1231 2814 2012 1643 3493 2719 2265 2678 
139 2943 467 856 2678 
1231 2245 918 2046 2943 695 2678 
3289 114 1182 467 215 1309 1288 2036 1866 805 2579 1452 2678 
1231 2925 467 987 2670 467 381 3193 13 419 2678 
1231 1718 2670 129 1473 467 2658 1792 868 196 2678 
1231 2245 1246 467 1650 1357 2087 3562 2678 2069 1040 2236 1505 1505 1505 2678 
1231 2943 467 3328 2087 467 2012 2670 3211 2678 
1231 2245 1246 3421 1723 3472 2678 
1231 2245 918 3300 205 213 3230 2943 2713 3093 2678 
1231 2814 2012 2943 2783 1700 13 2678 
139 2943 467 1365 2218 13 3469 2678 
139 1473 3322 2090 2656 2582 2005 2643 2786 1609 2340 1553 13 467 2678 2634 2678 3026 609 2678 
1231 2925 467 3268 918 1193 2171 2678 
139 2760 467 1166 2688 2846 565 2036 732 3256 2355 2600 2582 467 1091 183 1190 2678 
139 2688 2846 565 2036 294 2670 2678 4 2678 2030 3426 166 2165 1760 2663 2174 2678 
139 2943 467 867 2678 
1231 114 227 2031 918 2910 2678 2760 467 3364 2670 467 3290 484 2678 
1231 660 2441 390 1215 3006 793 632 1178 2678 
139 2943 467 985 2883 3511 2678 
1231 3269 2678 2431 2367 1781 2943 3552 1277 2670 467 2166 1135 2678 
139 2925 467 3244 429 2678 
1231 2943 467 3087 2670 467 114 2654 3279 2630 3111 13 2678 
139 2688 2846 565 2872 2062 2760 1629 2582 730 2036 3287 1721 1408 2678 
1231 2245 1563 975 918 1080 2218 2678 
139 2943 467 2401 1135 2678 
1231 114 2943 1339 2713 2576 2678 
1231 1215 2234 467 2672 1043 2670 2616 2678 
1231 2441 390 114 1182 467 3268 918 1365 2932 3403 310 2678 
1231 660 1572 1215 3171 467 2791 2670 390 1465 2518 467 1098 2678 
1231 2943 467 3087 2670 467 2135 1986 13 467 3268 2678 
139 2688 2846 565 2036 1476 2670 2795 2760 147 2708 13 2036 3228 1925 2678 
139 3292 1364 3323 221 2678 
1231 2580 706 932 3544 13 1491 2678 400 2678 805 467 2477 2670 2977 3111 2678 
1231 1572 114 3006 210 1508 13 2678 
1231 2943 2706 918 2046 2678 
1231 1572 2245 2943 2313 2582 467 688 114 2670 1427 2678 
139 3292 1552 1853 221 2678 
1231 2315 1246 467 2373 2944 1167 1612 2678 
1231 114 1246 467 2634 1508 13 2678 
1231 1945 3006 467 3423 550 1283 827 2313 2739 13 2678 
1231 2012 2943 2597 2298 1237 3009 13 2678 
1231 2814 2012 1182 1863 735 878 2087 412 2678 
1231 2943 467 3113 2164 2670 467 396 3339 2678 
139 2688 2846 565 2036 2678 561 2727 2678 1503 2678 
1231 2943 1111 918 2476 2678 
139 2688 2846 385 3239 2760 2088 2495 2678 
1231 819 2943 467 2672 13 467 3268 2678 
3289 114 1246 3531 1737 405 2582 534 84 467 979 2678 
139 1473 2336 5 84 2678 
139 2688 2846 565 2036 1262 2760 321 805 2178 2225 2450 2670 627 2678 
1231 1822 1018 2246 467 148 166 115 843 2678 
1231 918 467 1363 3440 3497 3164 2857 2582 557 2678 
139 2943 292 2245 2388 2678 
1231 2441 3241 114 2943 3525 1321 3115 1091 2269 2678 
1231 3292 467 1365 1986 2760 823 2316 430 1056 3292 57 2678 
139 3292 467 3375 1513 2678 1064 2678 2678 
1231 2245 918 278 2925 467 568 912 920 2678 
1231 683 2018 1182 256 406 2474 322 3445 2653 13 467 2959 2678 
139 2562 2036 1707 1471 3187 2582 1045 1247 2582 2620 467 1244 2678 
3245 1011 2814 2012 3292 467 3587 193 2750 77 2678 
1231 2943 467 1365 211 13 975 2678 
139 2943 3483 2678 2640 2552 13 467 2814 2678 
1231 1135 1182 256 2713 2474 1067 2670 1217 2678 
139 918 467 657 3345 2760 2036 3231 3251 2678 
139 2688 2846 565 2036 1174 918 2476 84 2036 285 355 2678 
139 1246 72 570 1514 1054 1366 1794 2678 
1231 2245 1246 3421 2704 3040 2541 549 84 1890 2582 1954 2678 
3245 1011 2164 2670 467 3268 3292 467 366 1311 2791 410 2678 
1231 2943 467 2180 1003 2444 84 557 2678 
139 3006 1885 1508 2678 
1231 2814 114 2943 2474 1488 2670 467 3021 2678 
139 2688 2846 565 1923 467 568 3562 3611 2678 
1231 3292 33 1288 467 308 2239 2678 
1403 2269 2943 2388 13 1011 114 2678 
1231 2245 1182 467 2672 1442 79 2678 
1231 2245 2943 467 3268 918 2672 2920 2670 168 2678 
1231 2245 1182 467 404 963 560 2678 805 615 2678 
1231 114 2943 466 2269 13 2678 
1231 2943 467 2672 114 2760 467 1282 2730 2678 
1231 114 548 2037 2087 3 1932 1764 2678 
1231 2414 35 1182 2036 3087 2254 2678 45 2670 467 1562 2678 2678 
139 2688 2175 1045 3043 2495 2678 
139 3006 278 1986 1169 13 1917 2678 
1231 2925 467 2200 2538 2678 
139 2760 467 1166 2688 2846 1514 997 3415 467 561 3332 2760 467 390 1382 2670 2469 2678 
1231 2814 2012 1310 654 2582 467 1277 2678 
139 1246 467 3035 2670 524 2696 955 2678 
1231 114 2943 3525 1321 466 1091 2269 2678 
1231 1839 1670 2582 419 2678 
139 2943 3483 2678 2640 1953 13 467 2814 2678 
1231 2943 467 2277 2476 2670 467 294 2670 450 2022 2670 1072 2670 467 3486 2670 1457 2678 
139 2943 467 710 2324 3128 2582 3223 2678 
1231 3292 467 3030 2245 2004 928 665 2582 1922 196 1657 84 13 2080 2678 
3245 1231 114 3356 2012 3006 467 404 1741 1581 1508 13 2678 
139 2688 2846 565 467 3233 1268 1333 2087 2360 3415 138 2678 
1231 2943 1382 2999 2670 1947 3165 2476 2678 
1231 2414 114 227 467 2985 2085 2678 
139 2943 2445 2678 
1231 918 467 2135 2599 13 3370 1078 2653 2678 
139 2688 2846 565 997 2760 467 3005 392 166 1971 2990 13 1391 2239 2678 
1231 2943 467 1365 1986 13 467 3268 2678 
1231 2738 2688 2004 2981 84 467 1595 118 1461 2121 2678 
3289 478 3006 2004 2536 945 1063 2582 495 467 1808 2678 287 3356 2255 2678 
3289 2943 467 373 2245 13 467 3268 2678 
3289 2245 2943 2249 918 2672 1219 655 2678 
139 2943 467 103 2187 1968 2388 2678 
1231 2943 467 3076 3378 166 2190 2465 2012 2678 
139 2925 467 2280 658 2616 1607 2678 
139 3292 1468 2486 2678 
1231 114 3292 2350 1672 3057 3461 13 2678 
1231 114 1182 467 3268 918 135 2674 3230 2678 
1231 2925 467 1341 404 1730 2648 13 467 3268 2678 
1231 1150 2943 2931 13 2678 
139 2943 467 2658 2678 
1231 2943 467 135 3528 3087 13 467 2814 2678 
139 1473 2181 3217 374 2582 730 2036 1705 2678 891 716 2219 2678 
139 2688 2846 565 1770 346 2087 1861 1868 1667 2815 2678 
1231 2854 2245 1182 2036 413 2670 281 2087 428 2678 
1231 114 2943 467 185 2087 1757 918 128 1260 3391 2678 
139 2943 2757 2388 2678 
1231 114 3135 467 2814 2404 2670 3483 166 2640 2678 
1231 2943 467 2539 2245 13 975 2678 
139 2943 681 1132 2678 
139 2688 2846 565 467 987 2670 1547 467 224 3609 2678 
1231 2012 1473 2960 2365 1508 13 2678 
1231 2925 467 1362 1215 2678 
139 918 467 1893 996 2678 
139 2943 2661 763 2678 
1231 2012 13 467 2814 1182 467 404 693 2678 
1231 2943 467 114 13 393 3279 2630 3111 2713 2678 
1231 2943 467 215 2749 2760 467 1166 2678 
1231 918 467 135 484 13 467 3268 2678 
1231 1986 3118 2943 2829 1321 467 1365 3386 13 467 3268 2678 
139 2925 467 3076 3049 2556 744 13 982 2466 2678 
1231 918 467 841 484 2670 330 2678 
1231 2943 562 865 918 846 2245 2678 
1146 467 2672 2245 13 2441 1910 2678 
1231 2245 2925 1458 2810 84 2678 
1231 2814 2012 821 467 2213 921 2678 
1231 2096 114 3433 3 3087 84 467 2566 2087 2678 2995 2678 2678 
1231 2245 1246 467 1305 1792 955 13 2678 
1231 2245 1182 467 3233 1062 433 13 467 106 923 1635 2678 
1231 660 1215 2736 467 2154 518 2678 
3245 1011 114 2943 467 2404 2670 231 1093 2678 
139 2688 2846 565 997 2760 1364 2211 2678 
1231 918 467 1878 3157 13 467 3268 2678 
139 2943 466 2269 2678 
1231 2943 467 2012 3328 2670 3211 2678 
1231 918 467 3087 2670 467 3100 2654 2943 2388 238 467 2046 114 2670 3063 2678 
139 2943 467 2589 2678 354 179 2678 3009 2678 
139 2688 2846 385 2036 1791 3102 2087 1765 3263 1243 2678 
1231 1429 2235 2943 467 2313 2670 1098 608 2678 
3245 1011 114 2943 467 3194 956 1661 918 1749 2678 
139 2943 3255 2442 2678 
1231 1192 2943 2185 2388 13 2678 
1231 2943 467 215 2749 2760 467 1166 2678 
1231 2245 756 1547 467 679 1696 2849 13 685 2678 
1231 2943 3515 918 1851 2760 467 2819 2243 2678 
1231 2925 467 3030 660 630 2654 3335 467 3586 2796 3276 13 827 2265 2678 
139 2943 2723 2678 
1231 2925 381 3193 13 419 2678 
1231 3129 114 1335 3 2142 2966 2678 
139 1246 1950 1788 955 2678 
1231 660 1215 2678 306 632 467 2607 2670 3145 2678 
1231 1572 2046 2774 3 3054 2678 3481 1292 13 3320 2678 
1231 2245 3292 467 185 2670 1669 3209 318 169 2678 
3245 1011 2012 3292 467 3587 2908 1138 383 
1231 2245 13 1179 1910 2943 467 2672 357 2678 
3197 393 1837 3157 2943 3520 986 2678 
1231 114 2943 3517 65 878 2087 2678 
1231 1135 1182 467 1365 3477 2226 2678 
1231 660 1215 206 964 683 1822 2678 
1231 3019 918 3087 1218 2760 467 1490 498 1560 2670 2036 1422 3377 2678 
139 2688 2846 1514 997 166 3538 2760 1215 166 2538 2678 
139 2688 2846 565 2036 294 2670 1547 467 3232 13 1910 2654 1906 2036 351 301 63 2451 2678 
1231 2245 3292 2139 2078 696 2582 817 3519 2678 
139 2688 2846 385 2036 492 2223 467 1074 2480 2517 84 1886 328 2678 
1231 2943 467 1463 2655 2313 1682 2678 
1231 1806 3582 2670 467 3268 2943 467 2993 2633 1319 846 2582 2678 
139 2688 2846 565 997 3415 993 467 3606 2678 
139 2688 2846 565 997 2760 467 2047 2654 1915 3370 3270 2760 1533 2678 
139 3292 2533 500 1889 2146 1121 505 58 2678 
1231 2925 467 2672 647 13 467 3268 2678 
1231 2245 166 1297 303 2943 33 1288 2474 3213 200 2678 
1231 2599 762 3296 2943 2818 2760 467 1421 2670 467 1504 413 2678 
139 2943 2128 3524 2388 2678 
139 3292 467 3587 102 2678 
139 2688 2846 565 2300 3215 2148 2670 2118 2678 
1231 2943 2749 2670 467 1091 903 2670 1271 2678 
139 2925 1879 2670 467 2479 1365 1822 13 467 3268 2678 
139 2688 2846 3496 295 2036 2116 2273 2678 
1231 2943 357 2670 467 2648 2654 467 2442 2670 752 2943 2388 13 2678 
1231 2943 467 404 1315 3286 2760 467 1166 2678 
1231 2943 467 3268 918 1365 211 2678 
139 2943 2055 1132 2678 3174 1321 2176 1672 2267 2055 2678 
1231 918 467 2672 2814 114 2760 467 1282 2730 2678 
1231 2315 3369 2592 166 3146 2678 
1231 2245 3480 1993 2678 1172 886 166 1052 1288 2238 2678 
139 2688 2846 565 2979 2670 2779 1129 3415 467 321 805 2178 2225 2450 2678 
139 2943 1516 2994 2678 
1231 819 1473 3501 632 2678 
1231 2245 2943 1833 2036 3163 2670 2678 
825 2726 1011 114 467 103 2187 1968 2943 238 2678 
1231 2943 1382 297 918 450 2476 2678 
1231 918 467 1080 2814 2012 2588 84 3459 2678 
1146 1863 2632 1883 13 3370 1078 2678 
1231 2599 2925 1098 1460 3383 13 2678 
1231 2245 3292 3587 2582 634 467 422 1288 2036 2331 2670 3042 2678 2518 467 2889 13 1943 2678 
1231 2943 467 2046 2670 1871 1836 2678 
1231 3019 2943 1535 2760 2678 
1231 2814 2012 1182 467 404 1316 2678 
1231 114 2943 1058 2713 2474 2129 1030 2670 467 2959 2678 
1231 2245 3292 1381 2677 273 221 13 2678 
1231 114 3292 2597 2298 1237 3542 2087 58 13 2678 
139 1246 467 1105 2670 467 2400 930 3528 2678 
1231 2012 2300 2670 1816 166 1709 3292 467 3340 13 2474 2939 2670 42 2678 
1231 2943 467 2135 2599 13 3469 2678 
139 2943 231 1093 918 2404 2678 
1231 2245 918 1080 114 2943 3463 2678 
1231 2629 1473 2430 2678 3323 2678 3190 2678 
1231 103 114 2986 1847 2474 2187 2820 2670 1910 2678 
1231 1572 2245 227 467 114 2670 1823 2678 1942 3319 467 843 2374 166 3500 1353 2678 
1231 2814 2012 2943 1081 2864 13 2678 
139 3292 467 1665 1513 2678 1064 2678 2678 
1231 2943 467 2672 1687 340 13 467 3268 2678 
139 2943 467 3610 2670 467 117 2883 2678 
1231 2925 467 1779 3526 2678 
3289 2245 2943 33 1288 2678 1386 2728 2678 2678 
1231 918 467 2313 2670 467 1301 2678 
139 2688 2846 565 1547 467 997 2846 2170 2582 3198 3415 467 837 2975 2791 2678 811 2678 2678 
1231 2943 467 2749 2087 467 336 1925 2678 
1231 2814 2012 1182 467 1435 812 2678 
1231 2012 918 2313 2582 467 640 1382 2873 2820 2678 
1231 2943 467 2672 2637 2337 13 1994 2678 
139 1473 467 524 3414 2705 302 166 2974 2678 
3289 114 13 2568 2943 467 3071 2678 
139 2943 467 3281 2670 3380 2678 
1231 3006 64 2944 467 3534 553 1559 467 568 2670 467 3435 682 2678 
1231 2245 918 2046 2943 1165 2678 
139 1473 1033 2130 918 3498 930 3528 2678 
139 2688 2846 1514 997 3415 516 2283 2678 
139 1246 1345 3472 2678 
1231 3011 2245 2943 283 84 1641 2678 
1231 866 35 3458 2582 1045 2474 797 2670 1601 2678 
1231 1215 2234 467 2672 98 3578 13 467 3268 2678 
1231 114 2943 361 1321 1541 13 2474 842 1565 2678 
1231 2943 467 3233 3464 2087 3413 13 467 2245 2678 
1231 2337 2943 3385 2760 2678 
1231 2943 467 2672 2337 13 1392 1910 2678 
1231 114 3356 2012 3006 467 404 1741 1581 1508 13 2678 
139 2925 1547 1572 166 390 1317 221 2678 
1231 3292 467 3587 31 2582 1045 1585 13 2508 2678 
1231 2012 1182 467 135 1282 2730 133 2678 
1231 2814 2012 438 805 2036 1542 2678 
1231 2925 467 2672 284 13 467 2814 2678 
1231 2245 227 467 404 2366 2678 
1231 2112 2822 3292 3587 218 13 467 3031 3149 2670 467 2308 918 2678 
139 2688 357 565 2757 2678 
3245 1011 114 2943 467 2814 2117 2670 1465 2388 2678 
1231 1289 3292 2507 1518 2678 
1231 2943 3152 2574 13 419 2678 
139 2943 524 3199 2678 
1231 114 2943 1942 13 467 114 2670 1799 2678 
1231 95 2012 1929 3244 2678 437 2318 444 2678 
3245 1011 2012 3292 642 1863 615 2877 2204 2240 2836 2678 
1231 2245 1246 467 3588 2373 863 2582 1288 1969 2678 
1231 114 13 467 2814 3137 467 404 1924 1519 2678 
1231 1348 2235 262 805 3194 544 1855 166 2843 2678 
1231 2245 2925 2004 13 944 2004 1302 13 467 1263 2702 2678 
1231 2441 390 114 2934 467 2545 75 2006 166 2942 2678 
1231 3579 114 3006 3299 2944 2474 554 2670 2741 2678 
1231 3157 1726 1563 3270 2678 3573 2678 1580 166 2731 2678 
139 3292 2285 3587 57 2678 1909 3 3087 2678 
1231 2245 2943 467 185 2087 3608 1920 2885 918 2474 820 166 467 1919 2678 
1231 2943 467 2605 1365 1986 211 13 467 3268 2678 
1231 918 467 3268 918 2672 1583 2678 
1231 1594 1572 1215 302 805 467 3074 2139 2678 
1231 918 467 3268 918 135 3591 108 2678 
1231 2854 114 227 467 3268 918 1952 2583 62 2678 
1231 928 467 3587 1594 2648 2582 2234 2036 79 2670 1984 3263 2036 2877 2678 
1231 1789 1563 467 1697 286 166 1743 2678 
1231 3194 1429 120 2581 3292 967 2036 1076 2266 2678 
139 1246 2786 1514 467 3447 2678 
139 2688 2846 565 2036 1296 294 2670 2182 2582 1073 3074 2866 2678 
139 1473 2967 23 1508 2678 
139 2943 467 2902 2260 2678 
1231 749 3157 2943 1339 2713 3445 3575 2678 
139 2943 1716 2678 
139 2688 2846 565 467 3256 2087 467 732 2678 1378 2144 2870 2678 84 467 2155 2678 1082 2678 2678 
1231 2472 114 505 467 2313 2670 467 1910 918 493 2678 
1231 484 1473 467 1123 907 2322 3462 2678 
1231 2943 2036 3444 3286 2654 2846 2688 933 2669 3054 2678 
139 1246 745 1755 3587 280 1587 2523 2708 13 645 2678 
1231 2943 1364 1817 918 450 2476 2678 
1231 3297 114 2943 467 3485 2018 2087 1562 975 2678 
1231 1193 2814 630 2234 508 2138 2678 
1231 2925 467 1952 320 739 2678 
1231 2925 467 3268 918 1594 2672 2171 2678 13 415 2670 919 2678 
139 2760 467 1166 2688 2846 565 997 2760 3155 2807 2678 
1231 114 2943 1339 2713 2474 2680 2670 2748 2678 
139 1246 540 955 2678 
139 2688 2846 565 997 3415 2403 1180 2678 2755 84 269 2678 
1231 928 467 2648 2670 3305 918 2139 1038 2670 1554 1875 2678 
1231 1215 2234 467 3233 787 1304 2678 
139 1246 2294 2050 1498 293 2678 2137 221 802 2678 2656 2582 1358 2678 
1231 660 1215 13 2441 1910 2925 2059 2678 
3289 2245 1246 849 3472 2678 
2474 117 2883 2943 13 1011 114 2678 
1231 2012 3292 3361 2532 221 13 2678 
1231 2012 107 467 3233 2840 2582 3450 2678 
1231 3216 3433 827 3087 84 467 2566 2621 893 2678 2254 1550 129 2678 
1231 3292 467 1289 2670 2507 1518 2678 
1231 2943 467 3087 2670 467 2245 393 849 2274 2678 
139 2688 2846 1514 2814 2586 3538 2678 
1231 918 467 2046 2670 2853 2678 
1231 2943 467 2814 1872 666 2749 2087 1423 2276 2800 203 2678 3514 2678 2678 
139 2943 467 913 1121 2085 2678 
1231 2925 467 2479 2672 2648 13 467 2814 2678 
1231 2943 3505 1841 918 450 2476 2678 
1231 1289 928 467 1441 278 599 1517 13 467 1636 2903 2670 1686 2678 
1231 2943 467 3087 2670 467 1744 2654 467 440 1508 2760 2678 
1231 2315 3072 467 1216 491 2678 
1231 819 3292 860 2017 2946 549 1889 2964 1548 2678 
1231 2245 1971 3263 2233 1449 442 13 2278 2040 2678 
1231 2943 467 2672 2814 2012 577 2670 467 3211 2678 
1231 2706 1135 2943 406 3306 1019 2678 
139 3006 467 575 1785 827 2424 2678 
1231 3011 2245 3292 1475 1321 2954 390 445 13 3138 2678 
2474 117 2883 2943 2388 13 1011 114 2678 
1231 918 467 1653 1003 2582 557 2678 
139 2943 3166 1953 2678 
1231 1744 298 2004 2293 2582 2981 3242 2678 2102 2678 166 1977 2678 
139 2943 2207 2678 
139 2943 467 2604 2670 467 474 2678 
139 1246 467 352 2670 2019 955 2678 
139 2925 467 566 497 2678 
139 1473 467 551 2141 2670 467 1469 144 815 955 84 2678 
139 1473 467 2814 1514 404 2670 3 649 2678 
1231 2245 2678 2643 2568 166 1826 2678 2943 1363 2582 467 2814 2678 
1231 2245 1182 256 2713 2474 1488 2670 467 1820 2678 
139 2688 2846 565 2036 2749 2654 2432 1481 2670 1791 1783 2678 
1231 2012 1182 467 404 392 2678 
139 1246 3561 747 1054 2678 1996 2157 2678 2678 
1231 484 2943 3502 3009 1559 2678 
139 2943 2020 3524 2678 
1231 484 240 3419 2694 2678 3075 166 3010 2678 
3289 2164 107 467 2213 479 2393 2678 
1231 2943 467 2672 114 13 467 3268 2678 
1231 2925 3515 918 660 135 843 2678 
1231 2245 1929 1879 2678 1464 2678 2953 2318 444 2678 
3245 393 2012 2925 467 1661 2071 2988 3039 2678 
1231 2943 467 215 1157 3454 13 467 3268 2678 
139 2234 467 404 2913 1684 256 1942 2678 
1231 3157 1182 2036 305 2713 2474 255 295 2943 738 3200 2678 
1231 749 3157 2943 1987 2670 2445 2678 
139 2688 2846 565 3294 1578 2670 2678 1189 780 2678 2678 
1231 2943 467 990 2465 2012 13 467 336 13 897 2678 
139 1473 467 128 303 2326 239 5 84 2678 
139 2688 2846 1097 3415 1870 341 2678 
1231 2814 2012 918 1952 2337 2943 952 3046 288 2678 
1231 2012 2943 456 414 2388 13 2678 
139 2943 467 117 2883 2678 
1231 1604 2046 2943 3174 2760 558 3036 3216 2678 
139 2943 467 2158 1493 2388 2678 
1231 3006 404 1670 2293 13 419 2678 
1231 319 473 114 107 467 404 2240 2678 
1231 3292 467 3030 2245 13 467 2460 2065 2582 2888 467 1963 870 2670 467 3495 3295 2941 2678 
3245 1011 3163 2670 975 2943 2757 2388 2678 
139 2943 2885 918 3551 2678 
139 2688 2846 565 851 997 3415 3004 2678 
139 918 467 3265 544 2423 2678 
1231 2012 3292 878 467 1959 476 2012 2678 
1231 2925 1547 467 738 630 2670 467 319 473 2678 
139 1246 1382 2999 2656 2582 1138 2678 
1231 1789 2943 33 1288 2474 2833 1430 2678 
139 2688 2846 565 467 1891 2670 467 1714 1371 2678 
1231 2012 2943 430 3057 13 2678 
139 2943 474 2483 2678 
1231 2854 2245 967 1126 2582 467 352 2670 2578 513 2678 
1231 114 2943 238 467 277 2670 467 2543 2678 
139 1246 467 2764 1508 2678 
1231 2529 74 1510 1182 3525 1288 2036 861 2678 1191 2678 899 2678 729 1603 2678 2962 2678 3196 2219 166 1761 2316 2780 1863 2632 3454 2678 
139 3292 2678 2846 2234 3470 2678 166 2846 2688 1212 1514 2456 2678 3128 3587 2678 
139 1246 467 3363 3238 1989 827 3587 2983 2678 
1231 2943 467 1525 114 13 467 2814 2678 
1231 2441 390 2046 2943 467 3268 918 1365 2678 
1146 2036 2448 3042 2427 2678 
1231 3194 3596 2670 3318 2943 2036 2491 1443 1773 864 467 766 3585 84 274 2678 
3289 3019 1182 467 404 3225 2678 
1231 2925 467 1193 2672 1986 2500 2760 467 2854 3019 2678 
139 13 467 2927 1473 412 844 3415 1405 2357 918 3238 166 2481 2678 
1231 2245 227 467 3547 2218 13 741 3442 2678 
1231 2245 3292 1738 2722 1863 2557 3134 2670 2678 
139 1246 467 2165 2505 3474 2670 927 2616 1084 930 3528 2678 
1231 2012 2046 1057 1543 1387 2678 
139 2943 2529 1232 2863 233 2678 2259 3380 2678 1122 2678 
1231 2943 467 2860 2018 2670 467 2814 3285 3459 166 136 2678 
1231 2245 1182 467 2984 2670 1695 2678 
1231 2943 467 2476 2087 467 1312 751 2716 13 1133 2678 332 2678 
139 2943 1412 2388 2678 
1231 114 1246 467 3348 1307 1288 827 2404 13 3138 2678 
1231 660 1215 2925 3250 1321 467 3507 518 2678 
3211 1182 1011 3087 2087 2036 2012 3328 2678 
1231 2814 114 3292 878 2087 956 3564 2670 1962 2678 
139 2688 2846 1514 2036 2890 2670 1290 2267 214 2678 
1231 2943 467 1250 484 2670 2073 2678 
1231 2337 2943 467 3572 2670 467 1396 1305 2678 
1231 2925 1547 467 843 13 3442 2678 
1231 918 467 1912 2245 13 467 3268 2678 
3245 1011 2245 2943 2133 2678 
1231 2943 467 2046 2670 2790 2678 
1231 114 13 2907 2943 2369 2959 13 2678 
139 1473 467 2084 1003 562 865 5 84 2678 
1231 3019 2773 2456 467 3399 1496 1986 3118 2678 
1231 2943 467 2672 114 13 2233 2678 
1231 305 1563 2715 1792 166 3446 414 2678 
1231 918 467 2672 3157 13 467 2052 270 2678 
1231 3370 3575 2012 242 467 285 2164 2408 1628 2678 
3245 1011 1150 2943 3259 3129 2678 
1231 114 1824 467 3587 2153 2941 13 2222 2678 
1231 1135 2245 1310 226 3080 2678 3222 166 467 20 1904 2678 
139 2925 467 2404 2670 1466 2383 2678 
139 2688 2846 565 3342 2760 1854 983 3406 2760 110 3247 792 2678 
139 1246 467 3237 392 1508 2678 
139 3292 2885 221 2678 
139 1246 2433 2635 1526 2678 
1231 3292 467 2135 2599 13 1910 13 3581 2678 
1231 3370 1485 940 363 1259 2582 2122 3587 13 2814 1894 424 2678 
139 3006 467 1593 166 1014 1107 1508 2678 
139 2943 467 3268 775 2215 1319 2948 137 721 246 2678 
139 2943 945 3330 2976 2678 
1017 3031 527 2582 1514 1002 84 412 1547 2678 3319 1473 2786 2656 2678 
139 2688 2846 1514 2522 2149 2920 720 2678 
1231 421 1473 467 2229 1342 2839 587 2678 
139 2688 2846 565 2036 661 2451 2087 2220 467 1001 3230 2924 2582 390 1813 2678 
139 1246 1364 2670 467 2094 1508 2678 
139 3006 2846 565 997 2087 217 528 2760 467 1166 2678 
3289 1179 390 2245 2943 467 2672 2678 
1231 3292 467 2529 1349 2670 591 2732 13 2330 2678 
1231 2245 1273 2615 201 2670 467 3268 918 3034 2882 2678 
1231 2245 2943 467 2159 2670 467 611 467 1151 2678 
139 2943 467 1952 698 2678 
1231 2245 1732 1536 801 3 3484 13 469 2678 
1231 1639 1834 1203 2582 3423 2678 2907 2678 
1231 3194 484 240 3419 395 2678 
139 2688 357 565 997 2760 789 166 19 2678 467 1676 166 1787 2678 
1231 325 1646 1713 295 3069 2988 1968 2678 
1231 2245 1563 467 1365 2218 13 2441 1910 2678 
1231 1789 1281 2036 2009 805 2429 166 2821 2678 
1231 2414 35 1182 2036 3087 2254 2678 45 2670 467 1562 2678 2678 
1231 3435 476 2711 3369 1392 1910 918 3037 166 394 843 2678 
1231 2520 619 2760 1562 166 2052 1188 2678 
1231 918 467 2793 1744 84 467 1251 2678 
1231 918 467 3087 2670 2036 932 13 2275 2678 
139 2943 3576 2678 
1231 2245 3292 3119 650 467 1762 2670 2678 
1231 2943 467 2672 1150 13 919 13 3516 2678 
1231 2637 3193 586 467 404 3566 13 467 319 473 2678 
1231 484 1506 3419 3291 2678 
1231 2245 3292 1394 1619 1279 648 2087 2678 
1231 2245 3292 849 467 2949 2670 2678 
1231 1392 390 114 298 2004 2293 2582 2981 2737 918 2980 2678 
139 2688 2846 565 1863 2891 116 3535 3286 2678 
1231 2814 2012 1182 467 3027 1365 3205 295 1073 369 2678 
139 2943 951 3306 309 2678 
1231 114 1563 467 2237 2670 2559 918 2387 2678 
3289 357 2670 467 1282 2730 2943 2464 3275 2814 641 2678 
1231 2814 2012 1182 3384 1288 3 2012 2296 2678 
1231 1289 2943 2390 2597 910 1522 2678 
139 2925 3002 576 177 1614 2087 1028 166 1523 2678 
1231 3370 1078 2653 2822 1182 220 429 2582 3 1208 2678 
139 2943 467 1724 1948 223 1953 2678 
1231 918 467 3548 1986 13 467 3268 2678 
1231 2245 3292 1973 1345 467 1762 2670 2678 
1231 660 1551 2648 2925 46 805 467 2884 2611 2678 2935 2678 2935 2678 536 166 2368 2678 
139 1246 976 1685 3434 2281 1514 1054 3177 2678 
139 2688 1863 1615 1514 2036 426 3288 2339 2654 3544 467 2664 1416 2670 1204 1889 3358 2678 
1231 1215 1473 467 992 1849 1605 2888 2678 
1231 378 2012 761 467 3587 2932 597 2362 3600 13 467 2814 2678 
1231 2925 467 1594 404 3236 1215 13 467 3268 2678 
1231 2943 467 2672 2716 623 13 467 3268 2678 
1231 2245 1246 467 2373 2944 1969 2678 
1231 660 1215 410 467 2699 2802 2678 2791 2678 
1231 2245 2438 1915 467 271 3054 3587 2678 
1231 2318 2943 467 2860 2018 2670 1429 2678 
1231 2943 467 404 3236 114 13 467 3268 2678 
139 1246 2455 3181 2709 1054 1678 2678 
1231 2012 1246 134 3156 2944 2313 2678 
1231 2245 918 74 2468 2943 12 2678 
1231 2245 298 2004 2293 2582 3487 13 467 2762 2678 
1231 3011 2046 2943 878 2087 2036 2814 58 2678 
1231 50 3157 2943 2313 2582 467 3587 3367 537 2678 
139 2688 2004 565 467 2013 2244 2678 
1231 2599 3174 13 1241 1563 958 444 2670 3294 452 2678 
1231 2814 114 918 488 227 467 375 2649 2678 
139 2943 3032 2388 2678 
1231 2012 1473 2895 3529 2610 2678 
1231 2814 2012 227 125 476 2678 467 3268 918 2672 2195 2670 1844 2395 2678 
1231 2813 2854 2245 1182 467 3094 1792 840 467 1236 1792 295 973 2678 
1231 936 114 2670 1515 928 387 3594 1087 2678 1599 2678 166 2437 1547 648 13 2678 
1231 2943 467 3087 2670 467 2672 114 13 961 2678 2441 1910 2678 
1231 2943 467 3233 2495 2739 3286 2678 
3197 1011 267 2943 467 1125 3374 544 2423 2388 2678 
139 1473 467 732 111 2183 930 3528 2678 
139 3292 467 3587 1337 13 467 2814 2678 
1231 2245 918 3276 2943 310 1295 2678 
139 2688 2846 2174 3415 3000 3169 2678 
1231 2245 1310 467 404 377 2678 
1231 484 1506 3419 3129 2678 914 2678 166 731 2678 
139 1473 2346 5 84 2678 
139 2688 2846 565 3256 2087 2107 2678 
1231 660 1215 2925 3397 1321 467 737 3407 2678 
2507 1518 2943 2670 1011 1289 2678 
139 2760 467 1166 2688 2846 1514 2056 2473 2678 
1231 3292 467 3587 2245 2582 1981 2036 2605 193 13 716 2678 
1231 1191 2943 1942 13 1807 2678 3370 1078 2678 
1231 2245 1182 555 942 2670 3 641 2194 2582 2201 2678 
1231 2943 467 135 484 13 467 319 473 2678 
1231 484 2943 681 1132 2760 2678 
139 2943 3479 2678 3097 2678 
1231 918 467 2046 2670 2691 2678 
1231 114 2943 3525 1321 2535 2269 2678 
139 13 467 319 473 3006 278 1508 467 135 2678 
1231 2245 13 897 828 467 404 959 1689 2670 79 919 2678 
1231 2943 467 3087 2670 467 1744 2654 467 440 1508 2760 2678 
1231 334 1718 1182 2036 1046 2670 1895 2678 443 444 2678 
1231 2245 1310 943 2582 467 2602 2678 
139 3006 2004 565 467 1482 2087 1547 3504 312 2678 
1231 114 2943 2678 3441 620 2388 13 2678 
1231 114 3292 1965 1237 2486 13 2678 
1231 1429 3454 2934 2036 3580 2670 3522 2678 
1231 114 2943 3525 1321 1403 2269 2678 
1231 2012 2760 467 1904 2670 1826 1182 3 3027 2218 1341 369 1662 2315 1374 2678 
139 2688 2846 565 2036 1262 2760 3108 805 2178 2450 2670 1701 2678 
139 2943 467 2733 3395 2678 
139 2925 467 1170 13 2901 2597 2678 3370 2343 2678 
1231 2245 1246 467 1020 1020 869 930 3528 13 2678 
1231 2925 3002 1791 3049 675 2087 997 2678 
139 928 467 1431 3295 2941 137 2678 
139 2943 2579 706 2678 
1146 467 2245 393 1345 1643 13 2678 
1231 2814 2012 2925 467 1610 2730 13 2678 
1231 2925 467 1411 1558 390 2648 2087 1053 2678 
139 2688 2846 565 2036 2209 2670 2036 639 829 2678 
1231 2814 2012 1473 467 2425 1352 2887 2582 1276 2568 2678 
1231 918 467 3087 2670 467 3243 871 13 1034 805 467 949 2678 
139 2943 467 1850 697 2670 467 319 473 2495 2678 
1231 3292 801 918 3551 2678 
139 2925 467 3565 166 2455 3181 2674 2382 2678 
139 1246 607 191 875 2456 2678 
1231 1010 2376 1473 467 680 13 2675 467 2959 13 858 2193 30 13 2678 
1231 2943 3370 3575 918 1365 1986 2678 
3245 1011 999 2943 2242 2388 637 2678 
1146 2036 2245 2654 2943 770 2036 799 2940 1881 3230 2678 
139 2943 467 2672 3462 13 467 3268 2678 
3245 1011 3163 2670 467 3268 2943 2757 2678 
1231 803 2858 2943 3354 444 1159 2678 
3197 1011 484 2943 184 3174 2678 
1231 2245 2943 2388 295 2228 1051 1392 186 166 2479 1051 1562 2261 2678 
139 2925 467 673 2147 13 467 3268 2678 
1231 114 1473 1403 2269 1759 2678 
139 2688 2846 565 517 3182 819 1416 810 997 2678 900 1559 1392 1910 166 467 749 2678 
1231 2925 467 660 2648 13 2290 918 2678 2139 1038 2670 1554 1875 2678 2678 
1231 484 1506 3419 3291 2678 
1231 918 467 135 484 13 2568 2678 
1231 1986 3118 1846 467 632 2670 1455 166 2682 2678 
1231 2943 467 3610 2670 1403 2269 2678 
1231 2943 467 2672 3157 13 467 50 2369 2678 
139 2943 2128 3524 2678 
139 3292 1088 3058 1486 2678 
139 1473 3368 5 84 2678 
1231 2822 936 102 2688 1045 1942 295 53 2052 3262 2708 2678 3370 1078 2653 2678 
1231 2925 3002 2918 574 2678 
1231 1289 2943 2326 239 2678 
139 1246 467 3268 5 84 2678 
1231 3157 1726 2943 1075 2036 3163 2670 2678 
1231 918 467 3030 1562 3044 2245 44 434 2582 467 261 2678 
1231 2245 1182 467 1365 2452 3116 2678 
1231 114 1473 1616 2269 1759 2678 
139 1246 714 930 3528 2678 
1231 2925 467 568 1341 1153 1215 13 467 3268 2678 
139 2688 357 565 2128 3524 2678 
1231 1215 2234 467 404 2003 663 2678 
1231 2245 227 1640 918 416 166 467 416 2670 3421 2319 2678 
139 2189 2846 2656 2582 930 2036 2428 2760 2036 54 3081 2678 
139 2943 467 3139 859 483 2678 
139 2943 467 108 549 467 484 2816 2678 
1231 1604 2245 1929 2531 2678 2025 2318 444 2678 
139 2688 2846 1514 494 32 2678 
1231 114 227 467 3008 2484 2678 
1231 2245 1048 3329 2602 2670 2317 2678 
139 1246 2436 955 2678 
1231 2943 467 2135 1986 2678 
139 1246 467 311 278 1508 2678 
1833 2943 2036 1192 2670 1011 2245 2678 
1231 3370 3575 2012 1929 1596 2318 444 2678 
139 2925 467 2838 317 2678 
139 2688 2846 565 467 736 2670 890 3392 3047 2678 
139 2943 467 103 2187 1968 2678 
1231 2245 227 467 404 1755 707 2837 2670 1876 2678 
1231 2414 114 2553 2582 1045 2713 956 2333 166 3277 2678 
1231 2925 3002 1791 219 2277 675 2678 
1231 2245 727 467 1188 1958 13 3048 2678 
1231 1074 2670 2349 1473 467 3056 1508 13 2678 
139 2943 881 2442 2678 
139 2688 2846 1514 3131 601 2087 467 1886 732 1618 2087 467 1096 2678 
1231 2245 918 2046 3292 3489 1889 2103 166 3107 2968 2678 
1231 31 3292 467 185 2087 2474 510 3380 2678 
139 2688 2846 565 1976 573 2678 2678 1854 3344 2678 2678 2760 2131 1898 2678 
139 2688 2846 2174 3415 487 1468 2678 
139 2688 2846 565 2036 2196 3356 3294 2582 1892 2726 3303 2678 1602 166 2067 1551 2678 
1231 3292 467 3551 2670 3608 1978 2885 2678 
1231 304 1246 1195 97 3408 1054 1884 13 2678 
139 2688 2846 565 467 149 2582 467 2823 1228 788 2678 
139 2943 2678 2540 2344 2678 2678 
1231 2850 3016 2777 2760 356 2678 
139 2925 467 2814 2404 2087 3483 2678 2640 2678 
1231 2943 467 2046 2670 398 2678 
1231 2925 467 2672 2227 13 467 3268 2678 
139 2943 3172 2678 
1231 2943 467 1746 2012 13 467 2814 2678 
1231 2706 108 3292 1338 556 467 3587 2582 1089 2678 2760 2053 1628 2678 24 2678 
1231 3292 467 2672 114 13 467 3268 2582 90 692 3104 13 1158 2678 
139 2943 467 2635 664 2085 2678 
1231 2943 467 3087 2670 467 1365 1986 13 975 2678 
1231 1986 3118 3523 84 467 1904 2670 956 376 2582 954 2678 
1231 2943 467 2672 114 13 2763 2678 
139 2688 2846 565 1268 3131 1598 2087 1094 601 2678 
1231 2245 2943 467 2672 667 2703 2678 
1231 918 467 2046 2670 554 2678 
1231 2012 2943 467 1544 2423 2388 13 2678 
139 2943 467 915 2678 2092 2678 2670 467 2315 1374 2678 
1231 2943 467 3388 3087 2087 467 738 3200 2670 2441 1910 2678 
1231 2245 1335 2771 2678 
139 2688 2846 565 2036 3268 3518 9 2495 295 1221 1907 2678 
1231 819 1246 467 2418 2841 13 2678 
1231 2767 2012 2943 406 2474 3213 3584 2678 
1231 2245 1246 467 2475 2969 13 2959 2791 1522 918 1266 2389 2678 
1231 3194 484 3292 126 118 2784 467 3587 1572 2582 2981 2678 
139 3006 150 2937 302 2678 
1231 2245 3072 1632 1586 2678 467 3268 918 2539 1513 2678 
1231 2376 3006 467 3233 2436 1330 898 2678 
1231 2706 1639 918 2672 3157 2943 76 2239 2678 
1231 2706 108 3292 1338 556 467 3587 2582 1089 2678 2760 2053 1628 2678 24 2678 
139 2943 467 215 254 1024 2760 823 2678 
1231 1639 1803 3589 918 3060 166 2460 1679 2678 
139 2688 2846 565 3342 2760 1529 876 2678 
1231 269 31 1246 1127 2935 2861 1007 1288 983 2300 2670 1377 278 2678 
139 1246 467 593 956 82 1508 2678 
139 1246 784 151 2656 2582 1138 2678 
1231 1718 2670 129 1473 467 2028 1792 1404 196 2678 
1231 2943 1661 659 918 450 2476 2678 
2474 103 2187 1968 2943 2388 238 1011 114 2678 
139 2943 467 519 1392 3241 597 3132 2388 2678 
139 2943 1947 918 2099 2404 2388 2678 
1231 2854 2745 928 467 3133 2287 166 34 3366 3136 3461 2456 13 2678 
1231 2943 467 1463 2655 2313 1682 2678 
1231 2925 467 987 2670 1547 467 3526 13 467 3268 166 1011 819 3006 2272 2587 196 2678 
1146 467 1365 1986 2678 
1231 3157 2943 2313 2582 3261 2713 3301 2678 
139 3292 2010 221 2678 
1231 2943 467 2046 2670 332 2678 
1231 2943 467 331 88 2104 3286 2678 
1231 819 3072 467 3083 491 2678 
1231 2925 467 2046 2648 2670 467 660 1296 1215 2654 1357 467 2955 323 13 3442 2678 
3245 809 3180 2678 2678 3488 2708 2678 2678 1011 3292 467 3087 2670 467 480 390 31 2678 
1231 2943 467 2672 114 13 2096 2678 
139 2688 2846 1514 2036 9 2670 1323 2760 467 1166 2678 
1231 2925 467 1341 1746 1215 13 467 3268 2678 
139 2943 1403 2269 2678 
1231 2012 13 467 319 473 1929 467 2672 2164 2678 
1231 2277 675 2925 3250 2582 467 725 2760 1998 3550 2678 
139 2943 1403 2269 2388 2678 
1231 3163 2670 3515 389 467 314 2678 2407 2546 2678 166 2396 2950 2678 
1231 2245 2943 1926 2582 588 1211 2988 1968 2678 
1231 2376 3006 404 81 471 592 1798 2678 
139 2925 3346 104 2678 
1231 114 1182 2036 2798 2713 2474 1293 1222 2678 
1231 2814 2012 227 2328 2447 1968 2678 
139 1246 467 2526 955 2678 
1231 2943 467 3087 2670 467 2745 2246 2345 166 760 2678 
1231 660 1215 2943 1561 2377 2246 2678 
1231 2925 467 1193 2672 1986 2500 13 467 741 319 473 2678 
1231 2943 467 1463 2655 2313 1682 2678 
139 3292 112 221 2678 
1231 918 467 404 244 2235 3087 13 1910 2678 
1231 2925 467 568 2182 2135 2972 13 467 3268 2678 
1231 2245 1182 236 805 2381 2678 
1231 1744 1246 740 8 1546 2678 
1231 2245 1563 467 872 2218 13 2441 1910 2678 
1231 2396 2706 31 2943 878 2643 2036 2558 2917 1814 1321 3608 3416 2729 2678 
1231 2943 467 2349 2670 467 1782 2678 
1231 114 918 467 2591 2218 2087 2660 2670 430 1056 2678 
139 2943 467 2672 3394 2716 2599 13 467 3268 2678 
3289 1296 2814 114 828 467 1365 3387 3116 2087 2511 2678 
1231 2245 3292 1238 769 3274 13 1889 2786 3292 978 1321 2350 618 2678 
1231 2245 1473 2326 239 5 84 2678 
1231 660 1572 1215 2925 3059 1321 467 2804 1632 36 518 2678 
139 2943 467 2016 2668 2678 
3245 197 467 3257 2581 3292 924 2582 3313 84 1133 2582 3319 2678 
1231 2046 2943 3174 2416 453 1642 393 1563 6 166 1877 189 2678 
1231 3194 3121 3409 467 1745 989 2678 
139 2925 1791 326 675 2760 467 1166 2678 
139 2925 467 673 2023 213 2724 13 467 2814 2678 
139 3292 467 2672 2788 3195 13 2959 2791 1522 2678 
1231 928 467 3587 1139 1495 1321 257 2678 
1231 114 3292 1967 3561 3421 733 2486 13 2678 
139 918 467 2202 1099 2678 
1231 2943 467 2046 2670 1833 2678 
1231 928 467 3587 1594 2648 2582 2234 2036 79 2670 1984 3263 2036 2877 2678 
1231 2245 2943 467 1952 2703 2670 1124 2678 
1231 1572 2245 3109 1564 1199 13 3321 1061 1314 2923 1402 1984 3263 827 898 2070 2678 
1231 1289 2943 2036 3264 2678 
1231 2943 467 215 2599 13 467 319 473 2678 
1231 1551 114 3292 967 2713 2916 2678 
139 2943 357 918 3330 2976 1942 2678 
1231 918 467 215 2046 114 13 467 525 2678 
1231 2943 467 3610 2670 2330 2678 27 2678 
2507 1518 3292 2036 846 2670 1011 2245 2678 
1231 3157 3292 467 504 2670 467 2814 918 1266 180 1938 2678 
1231 918 467 404 418 2245 13 467 3268 2678 
139 3006 3553 2223 2582 1508 2678 
1231 660 2648 1044 1532 467 3218 2670 837 2440 3173 2678 
139 2688 2846 1514 997 794 1308 1530 2933 2087 467 3584 2670 1400 2678 
1231 2245 0 467 2159 2670 467 2854 960 2678 
139 2688 2846 930 2036 1198 2654 2438 844 2726 1011 2846 2663 1045 1889 2846 875 2456 2678 
1231 2337 13 27 2943 3128 2582 16 357 3356 1984 771 2678 
1231 3194 1884 2688 2004 1202 1321 1013 335 2678 
139 2688 2846 1514 2036 1483 1415 2670 234 13 890 2164 2678 
139 918 2549 2678 
139 2943 3359 2678 
1231 1392 390 114 227 467 1952 758 79 2678 
139 2943 412 1688 2582 2458 467 2199 3312 2678 2689 3324 2678 393 1706 1539 2625 2925 3226 196 2036 2033 3454 2678 
1231 2943 467 215 2749 2760 467 1166 2678 
1231 2245 2925 2004 1955 944 2004 3318 295 2350 388 2269 2678 
1231 2943 467 2046 2670 1367 2678 
1231 2943 2036 2245 2654 2304 805 467 3074 2186 2678 
1231 1215 531 467 404 84 2642 2678 
3289 114 13 2978 1182 467 2672 355 2670 1395 3302 3232 2678 
139 2925 2554 404 3144 1942 2678 
1231 2943 467 3233 3528 2582 1508 13 467 3268 2678 998 2824 2678 2868 2678 
1231 2943 467 2277 2476 295 393 2846 2688 565 467 450 2476 2670 2036 3214 2670 467 2814 3486 2670 1457 2678 
1231 484 240 826 467 3176 2670 3574 2678 
139 3006 2004 565 997 3415 467 145 2988 2086 512 
139 2688 2846 1514 997 2760 467 1125 2228 2814 689 2678 
1231 1392 390 114 1399 467 404 2641 3167 2678 
1231 2943 467 2672 166 404 1730 2488 1896 1184 13 467 2814 1691 1407 2678 
139 1246 2169 565 2036 2948 2670 2847 278 2678 
139 1246 467 1551 10 3604 3066 2582 2974 2575 2678 
1231 114 298 2004 1045 13 944 2004 928 1267 467 70 13 467 1480 1632 391 2678 
1231 2943 467 3087 2670 467 1744 2654 467 440 1508 2760 2678 
139 2943 642 997 2760 467 123 2678 268 1512 2678 2678 
139 2943 159 2678 
139 1246 467 3087 1451 955 2678 
1231 630 3006 44 2234 2012 1674 3392 2678 
1231 114 1182 467 660 2 1748 13 467 2814 2678 
1146 467 2245 2670 1209 2676 105 467 919 2670 2279 13 2678 2169 918 2063 2678 2678 
139 1473 404 2670 467 1856 1606 467 319 473 5 84 2678 
1231 2245 227 1652 1132 2678 541 1132 2678 166 2957 1132 2678 
1231 2245 2943 430 1056 13 2678 
3289 2245 2943 467 2672 2245 13 1179 1910 2678 
139 1246 3421 3564 2846 3204 467 2678 3082 2353 2678 1889 2786 3475 412 2678 
139 2688 2846 565 467 1891 2670 467 1702 1371 2678 
1231 2814 2012 1057 1543 13 1863 2572 294 2678 
1231 2814 2012 1537 467 1632 3430 491 2678 
1231 1429 2235 3458 2582 1045 467 3268 2018 2087 1581 918 2082 2678 
1231 1389 2245 2943 836 1277 2670 3432 243 2678 
1231 999 3143 2757 2678 
1231 2943 467 2046 2670 2706 2678 
1231 2245 1057 1543 13 1863 2572 294 2678 
1231 2245 2943 467 3033 3076 3282 2670 3400 2678 
1231 114 2943 467 103 2187 1968 238 2678 
139 1246 273 2463 887 1138 2678 
1231 2943 467 2245 2670 2159 2087 467 3087 2635 2678 
1231 2245 1182 467 1365 707 2079 279 2670 91 2678 
1231 2315 2943 1941 2760 2678 
139 13 467 525 2943 412 3030 902 444 84 467 2551 2582 467 3021 2678 
1231 2814 114 2943 33 1288 2474 2259 1030 2670 467 2959 2678 
1231 1215 2234 467 1365 3569 2670 1144 1304 2678 
139 2925 642 804 2678 
3197 1011 484 2943 1133 3174 2678 
139 2760 467 2104 2943 3124 2512 84 3365 2678 2249 2678 
139 928 467 1303 3295 2941 137 2678 
1231 1583 3292 2635 785 1233 13 2678 
2474 103 2187 1968 2943 1068 2582 393 390 114 2678 
139 13 2036 1145 1473 1638 482 2678 
1231 3428 2817 467 50 2369 166 467 2551 3339 2678 
1231 1771 2943 2760 467 2256 2674 553 2678 
1231 114 918 1771 2943 878 466 1091 2678 
1231 2943 467 3328 2670 1994 2678 
1231 2943 467 2672 3454 13 467 3268 2678 
139 1246 2241 955 2678 
1231 2814 2012 2943 2384 786 2988 1968 13 2678 
3245 1011 2245 2943 2036 3417 1380 2036 3220 2075 2678 
139 2943 329 2700 538 84 2678 
139 2688 2846 385 2036 2862 2760 467 1386 2239 2087 890 1095 2678 
1231 2943 467 2476 2670 467 1814 972 1003 2678 888 2678 2678 
1231 1744 131 1869 2582 3031 2678 
1231 2943 467 404 3283 999 13 467 3268 2678 1417 2678 
139 2943 467 1726 941 3527 84 2678 
1231 2245 2943 1814 2087 20 925 2678 
1231 114 2943 3278 1321 467 2649 2670 848 2678 
139 2943 467 3268 918 404 508 2850 2388 2678 
1231 2245 2943 2057 13 3163 1321 467 320 3339 166 2542 166 1956 3526 2678 
139 2943 2652 918 2827 2678 
1231 114 918 2371 2237 1182 256 406 2474 1306 2499 2678 
139 3292 1364 3323 221 2678 
1231 660 749 1215 2736 467 3157 2670 1467 2678 
1231 3019 918 3548 211 2943 992 1849 2678 
1231 885 114 2943 2313 2582 467 1735 1718 2670 2192 1239 2678 
1231 1289 2943 650 2678 
1231 819 3072 467 3331 491 2678 
1231 2441 390 2245 204 3 3587 2959 493 1707 3447 13 3309 2678 
1231 3476 2315 918 3582 1473 1966 1454 3303 467 3203 1643 238 2678 
3197 1011 3019 2943 2757 2678 
1231 2943 467 2814 3610 2670 3483 2678 2640 2099 3508 2678 
1231 2012 2943 33 1288 467 1114 3584 2678 
1231 2925 1547 467 738 630 2670 467 2814 2678 
1231 1473 467 1792 939 1404 196 2678 
1231 2012 1246 969 342 2610 13 467 1509 2577 1910 2639 2678 
139 2943 2441 926 2678 
1231 2245 1182 467 404 812 2678 
1231 660 630 2943 3323 1439 2246 2678 
1231 3159 2212 1246 1617 730 2678 
1231 1572 2245 918 1524 3292 1704 13 1134 2678 
1231 2245 2943 2313 2582 3490 2781 2678 
1231 2943 467 1365 3019 2678 
139 2688 2846 565 997 2760 2780 2036 3601 2678 
3245 1011 114 1473 3279 2630 1407 1508 2678 
