4 9 5 7 
5 11 8 7 
5 7 
5 11 8 14 0 7 
5 7 
5 7 
11 8 5 7 
5 11 8 7 
11 8 5 15 12 11 8 7 14 4 9 5 0 7 
5 14 0 7 
5 7 
5 11 8 7 
5 7 4 9 5 7 
11 8 15 5 14 0 12 11 7 8 
5 7 4 9 5 7 
5 11 8 7 
5 7 4 9 5 7 4 9 5 7 
4 9 5 7 
5 7 
5 7 
5 14 7 4 9 5 0 7 
5 14 0 7 
4 9 5 14 0 7 
5 14 0 7 
5 14 0 7 
4 9 5 14 0 13 1 14 0 7 
5 14 0 7 
5 14 0 7 
5 14 0 7 2 10 
5 14 0 7 
5 14 0 7 
4 9 5 14 0 7 
5 14 0 7 
2 10 5 14 7 4 9 5 7 4 9 5 0 7 
5 14 0 7 
5 14 0 11 7 8 
5 14 0 7 
4 9 5 14 7 4 9 5 0 13 7 1 14 0 
5 14 0 7 
2 10 5 14 0 7 11 8 
5 14 0 7 4 9 5 7 
5 14 0 7 
5 14 0 7 4 9 5 7 11 8 
15 5 7 4 9 5 12 11 8 7 
5 14 7 4 9 0 5 7 4 9 5 7 
5 14 0 7 4 9 5 7 
5 14 0 7 4 9 5 7 
5 14 0 7 11 8 
15 12 11 8 5 14 0 7 4 9 5 7 
5 14 0 7 
5 7 4 9 14 5 0 7 
5 7 4 9 14 0 5 7 11 8 
5 14 0 7 
5 14 0 7 
5 7 
5 14 0 7 4 9 5 7 4 9 5 7 
5 11 8 7 
5 7 14 4 9 5 0 7 4 9 5 7 
5 14 0 7 4 9 5 7 
5 14 0 7 11 8 
5 7 
5 7 
5 7 11 8 15 12 11 8 
5 7 
5 7 
4 9 5 11 8 7 
5 7 
5 7 
5 7 
5 7 
5 7 4 9 14 0 5 7 
5 7 
5 7 
11 5 8 15 12 11 8 15 12 11 7 8 
2 10 3 5 6 2 10 7 
5 11 8 15 12 11 8 15 12 11 8 15 12 11 8 7 
4 9 5 7 
5 2 10 11 3 8 6 15 12 14 0 2 10 11 8 7 
5 11 8 7 4 9 5 7 
11 5 8 7 
2 10 5 14 0 7 
5 14 0 7 
5 7 14 4 9 5 7 4 9 5 0 7 
4 9 5 14 0 7 
5 14 0 7 11 8 
5 14 0 7 
5 14 0 7 
5 14 0 7 11 8 
5 14 0 7 
5 14 0 7 
5 14 0 7 11 8 
5 14 0 7 
5 14 0 7 
4 9 5 14 0 7 
2 10 5 14 0 7 
5 14 11 8 0 7 
5 14 0 7 
5 14 0 7 
5 14 0 7 
5 14 7 4 9 5 7 4 9 5 0 7 
4 9 5 14 0 11 8 7 
4 9 5 14 11 8 0 7 
5 14 11 0 8 7 
5 14 0 11 8 15 12 11 8 15 12 11 8 7 
4 9 5 11 8 15 12 11 8 7 
5 14 11 8 15 12 11 0 8 15 12 7 11 8 
5 11 8 15 12 11 8 15 12 11 8 7 15 12 11 8 
5 14 11 8 15 12 11 8 0 7 
4 9 5 11 8 7 
5 14 7 4 9 5 11 8 15 12 11 8 15 12 11 8 0 7 
5 14 0 13 11 1 14 0 8 15 12 11 8 7 
5 14 11 8 0 7 
5 11 8 7 
5 14 0 11 8 15 12 11 8 7 
5 14 11 0 8 7 
5 14 11 8 15 12 11 8 0 15 12 11 8 7 
5 14 0 11 8 15 12 11 8 7 
5 14 11 0 8 7 
4 9 5 14 0 7 
5 11 8 7 
5 7 
5 7 
5 7 
5 7 11 8 
5 7 
5 7 4 9 5 7 
5 7 
5 11 8 7 
4 9 5 7 
5 7 
5 7 
5 7 
2 10 5 7 
4 9 5 7 
5 7 
5 7 11 8 
5 7 
5 7 
5 7 
5 11 8 7 
15 4 9 5 7 12 
11 5 8 15 12 11 7 8 
15 5 7 12 11 8 
5 11 7 8 
5 7 
5 7 
5 7 
5 7 
5 7 
5 7 
5 7 
5 7 
5 7 
5 7 11 8 
5 7 
5 7 
5 7 
5 7 
5 7 
5 7 
5 7 
5 7 
5 7 
5 7 
11 5 8 7 
5 7 4 9 5 7 
5 7 4 9 2 10 5 7 
5 7 4 9 5 7 
5 7 4 9 5 7 
5 7 
5 7 4 9 5 7 4 9 5 7 
5 7 4 9 5 7 
4 9 5 7 4 9 5 7 
5 7 
5 11 8 7 
4 9 5 7 
5 7 
5 7 11 8 
5 7 
5 7 4 9 5 7 
5 14 0 7 4 9 5 7 4 9 5 7 11 8 
5 7 
5 14 0 7 4 9 5 7 
5 14 0 11 7 8 
5 14 0 7 
4 9 5 14 0 7 
5 14 0 7 
4 9 5 14 0 7 
5 14 0 7 
5 7 
5 14 0 7 
5 14 0 7 
5 14 0 7 
5 7 11 8 
5 14 0 7 
4 9 5 14 0 7 11 8 
5 14 0 7 4 9 5 7 11 8 
5 14 0 7 11 8 
5 14 7 4 9 5 0 7 4 9 5 7 
5 14 0 13 7 4 9 1 
