13 20 11 15 42 25 74 54 5 50 49 52 38 71 45 60 22 70 79 62 4 0 59 49 14 5 41 3 11 25 19 46 74 3 11 4 24 57 5 25 74 4 3 11 34 76 25 74 70 68 45 78 3 11 25 34 
13 54 15 8 42 50 62 5 66 59 49 20 36 69 51 35 32 67 31 9 52 38 70 62 71 45 59 49 60 70 79 54 50 62 34 13 59 71 45 11 25 19 46 74 4 24 57 5 4 3 11 25 78 34 
13 20 42 5 72 29 62 59 54 50 62 59 49 71 45 60 79 4 24 11 57 5 25 74 4 24 57 5 4 34 76 3 11 68 45 25 74 70 3 34 
13 8 20 49 42 74 70 62 59 5 66 62 36 59 75 49 51 35 32 43 67 70 62 59 71 45 60 22 79 9 52 41 38 4 24 57 5 3 11 4 25 74 3 34 
13 64 62 20 8 74 42 59 54 50 62 60 63 27 5 66 59 49 36 33 20 51 35 32 67 70 62 59 49 60 22 71 45 79 34 76 9 52 68 45 41 38 70 62 59 49 3 11 25 74 4 3 11 25 74 70 3 34 
13 64 74 42 54 27 5 50 62 20 59 49 51 67 52 38 70 54 50 62 4 24 59 49 57 5 71 45 60 22 79 70 62 41 3 11 59 49 25 74 4 3 11 25 74 3 11 25 74 70 3 34 
13 20 15 42 74 5 72 49 29 71 45 60 79 4 24 57 5 70 62 3 11 59 49 25 74 4 3 11 78 70 25 74 3 34 
13 11 25 54 74 20 8 42 15 5 50 49 72 36 78 75 51 29 47 43 67 52 38 71 45 60 2 22 79 41 4 70 62 3 59 54 50 34 
13 64 54 8 74 42 27 5 66 20 75 50 36 51 35 43 15 67 60 71 45 4 24 79 57 5 4 24 57 5 4 24 3 11 57 5 4 25 74 78 3 34 
13 20 62 15 8 42 74 59 62 5 59 78 75 36 69 51 43 67 31 52 38 60 63 71 45 79 22 41 4 24 3 11 57 5 25 74 3 11 4 24 25 74 57 5 3 11 25 74 4 3 11 25 74 33 40 3 11 37 25 34 
19 13 20 46 11 42 25 74 5 72 66 75 35 43 29 48 71 45 60 30 79 4 24 57 5 4 26 77 3 34 
13 20 42 74 5 4 24 57 5 71 45 60 22 79 41 4 24 3 11 25 74 57 5 4 3 11 25 74 34 76 68 45 3 34 
13 19 20 8 46 11 15 42 25 74 72 5 62 66 56 36 59 49 35 29 6 71 45 60 79 3 11 25 74 4 24 3 11 57 5 25 74 4 3 78 70 34 
13 20 42 15 74 49 5 72 78 75 43 29 71 45 60 79 3 11 25 74 3 11 4 24 25 74 3 11 57 5 25 74 4 3 70 34 
13 11 20 25 74 42 49 5 75 43 70 62 59 71 45 60 79 3 11 25 74 3 11 4 24 57 5 25 74 4 3 11 25 19 46 34 
13 20 15 74 42 5 49 60 71 45 70 62 79 59 49 4 24 57 5 3 11 4 25 74 70 3 54 78 50 34 
13 15 20 42 74 72 66 5 54 50 78 75 49 51 69 35 29 43 15 67 31 71 45 60 79 4 34 76 3 68 45 78 70 34 
13 19 46 20 74 54 15 42 5 72 50 49 29 71 45 60 63 79 70 62 52 59 49 38 4 3 11 25 74 3 11 25 74 33 40 78 3 11 70 37 25 34 
19 13 46 11 20 25 74 42 5 49 71 45 60 22 70 62 79 59 54 52 50 62 59 49 41 70 62 38 59 4 3 34 
13 62 19 20 59 49 46 74 42 70 54 5 50 73 49 80 71 45 60 63 79 4 34 13 71 45 34 76 3 33 40 70 68 45 37 34 
13 49 64 20 42 74 70 62 27 56 5 59 49 6 48 71 45 60 63 30 22 70 62 4 0 79 41 59 49 14 5 4 24 57 5 3 11 4 25 74 3 11 25 74 3 11 26 33 40 77 70 25 37 34 
13 20 11 42 25 74 54 5 50 62 59 71 45 60 22 79 52 34 76 4 24 41 68 45 57 5 38 4 3 11 25 34 
13 20 8 42 62 5 66 36 59 49 35 32 71 45 60 4 24 22 57 5 79 9 52 41 38 4 11 25 74 34 76 3 11 68 45 25 70 34 
13 20 74 42 54 5 50 72 29 47 71 45 60 2 22 34 76 79 68 45 41 4 3 11 25 74 3 11 25 74 3 34 
13 20 42 74 5 72 29 71 45 60 79 4 3 11 25 74 3 62 59 34 
13 49 20 42 70 74 62 5 59 49 75 43 60 71 45 70 62 79 52 4 59 49 38 3 11 25 74 3 11 70 25 19 46 34 
13 64 20 42 74 27 56 66 72 5 73 49 35 29 80 71 45 60 79 4 3 11 25 74 70 62 3 11 59 49 25 74 70 54 3 11 50 25 6 34 
13 49 20 8 74 42 70 62 59 5 66 62 72 36 59 49 35 32 29 47 71 45 2 22 60 4 79 9 52 41 38 3 34 76 70 62 68 45 59 34 
13 49 20 42 74 70 62 72 5 66 75 59 49 73 35 80 29 47 43 15 48 71 45 60 30 2 22 79 41 4 3 11 25 74 3 78 70 34 
13 20 8 74 42 56 5 72 62 36 73 59 49 80 29 47 6 48 71 45 30 60 2 22 4 24 79 57 5 41 4 3 11 25 19 46 11 34 76 25 74 68 45 3 11 25 19 70 46 34 
13 20 42 74 54 5 50 62 59 49 71 45 60 79 4 3 11 70 25 34 
13 11 20 42 25 74 72 5 75 49 29 47 43 71 45 60 2 22 79 41 4 3 11 25 74 3 11 25 74 3 34 76 70 68 45 34 
13 20 49 42 74 70 62 59 54 5 50 73 80 71 45 60 4 24 34 76 79 57 5 68 45 4 3 11 25 74 3 11 25 19 46 34 
13 20 74 42 62 5 72 59 49 29 71 45 60 79 4 70 3 11 25 34 
13 20 74 42 54 5 60 63 50 62 33 20 59 49 71 45 60 52 79 4 24 38 57 5 4 24 57 5 4 70 3 34 
13 20 74 42 54 50 62 5 59 49 71 45 60 63 22 79 41 4 3 11 25 74 70 62 3 11 33 40 25 19 37 59 46 34 
13 74 20 42 54 5 50 62 59 49 71 45 60 63 79 44 52 4 24 38 32 57 5 4 24 3 11 25 74 3 11 25 74 34 76 3 11 68 70 62 13 64 33 20 25 18 74 42 27 57 5 73 59 49 80 65 71 45 60 63 22 79 9 52 41 38 3 11 4 24 25 74 57 5 58 26 4 3 11 33 70 40 62 77 59 54 25 50 37 34 
13 49 20 42 74 70 54 5 50 75 49 43 15 71 45 60 63 79 4 3 11 33 40 78 70 37 25 34 
13 42 20 74 5 49 73 80 71 45 60 63 22 79 52 41 38 4 24 3 11 25 74 3 11 25 74 57 5 34 76 4 3 68 45 33 40 37 70 34 
13 49 20 42 74 70 62 59 5 75 43 71 45 60 79 4 34 76 3 11 68 45 25 34 
13 11 62 42 25 74 20 66 5 75 59 51 35 43 67 71 45 60 22 79 41 4 24 3 11 57 5 4 25 74 3 34 
13 20 62 42 74 56 5 59 72 49 73 80 65 29 47 71 45 2 22 60 63 70 62 79 52 59 49 41 38 4 3 11 25 74 3 11 25 74 58 26 3 11 70 62 77 33 40 25 74 3 11 59 37 6 25 34 
13 11 20 8 15 42 25 74 72 5 36 78 75 49 51 69 29 47 43 15 67 31 71 45 60 63 2 22 79 4 24 52 41 57 5 38 4 3 33 40 70 62 78 59 37 34 
13 20 74 42 49 70 54 5 50 62 59 49 73 51 80 67 71 45 60 4 79 3 70 34 
13 20 49 42 74 70 62 5 73 59 49 80 65 71 45 60 79 4 58 26 3 34 76 68 45 77 70 34 
13 20 74 42 5 72 49 29 71 45 60 63 79 4 3 11 26 70 33 40 77 25 37 34 
13 11 20 25 74 42 5 72 49 29 4 0 14 5 71 45 60 63 79 4 3 11 25 74 3 33 40 70 62 59 37 34 
13 20 74 42 5 73 49 80 71 45 60 63 79 4 3 11 25 74 3 70 33 40 37 34 
13 20 54 42 74 5 50 49 51 67 60 71 63 45 22 79 52 41 38 4 24 57 5 3 11 4 24 25 74 57 5 4 3 11 70 62 33 40 59 25 37 34 
13 62 20 42 74 5 73 59 49 51 67 80 71 45 60 79 4 3 11 25 74 3 11 34 76 25 74 3 11 68 45 70 25 34 
13 11 20 25 74 42 49 5 71 45 60 79 4 3 11 25 70 34 
13 20 42 74 54 5 73 50 49 51 80 65 67 71 45 60 22 70 62 79 52 59 49 41 4 24 38 57 5 4 24 3 11 57 5 81 4 58 26 70 62 17 77 59 25 34 
13 62 20 74 59 54 42 5 50 62 59 49 60 71 45 22 79 41 4 3 11 25 74 34 76 3 68 70 45 34 
13 19 20 46 42 74 5 49 71 45 60 63 70 62 79 52 59 49 4 38 3 11 25 74 33 20 60 3 11 26 25 70 77 34 
13 62 20 59 49 11 42 25 74 70 62 59 54 5 50 49 71 45 60 79 4 3 11 25 74 3 70 34 
13 20 42 74 5 49 51 67 71 45 60 63 79 70 62 52 59 49 38 4 3 11 25 74 34 76 3 26 33 40 77 70 68 45 37 34 
13 62 20 74 42 15 5 59 49 69 31 71 45 22 60 79 52 41 38 4 3 11 25 74 3 78 70 34 
13 20 42 15 74 5 49 71 45 60 63 22 79 52 41 38 4 24 3 11 57 5 25 74 4 3 11 25 74 3 26 34 76 33 77 70 78 68 45 34 
13 63 19 46 54 74 42 15 33 20 50 62 5 59 49 22 71 45 60 79 4 41 3 11 25 74 3 81 34 76 17 78 70 68 45 34 
13 64 49 20 42 74 27 72 5 29 71 45 60 79 4 3 11 25 74 3 11 70 62 59 25 34 
54 13 19 20 46 11 50 42 62 25 74 5 16 59 49 73 39 55 80 53 16 39 71 45 60 79 4 3 11 25 74 3 34 76 68 45 70 62 59 34 
13 20 42 74 5 73 49 75 4 24 80 65 43 15 57 5 60 71 45 79 4 34 76 58 26 3 70 68 45 77 78 34 
13 74 20 42 72 5 73 49 80 29 71 45 60 79 4 24 52 57 5 38 4 3 11 25 74 3 11 25 19 46 74 3 11 25 70 34 
13 11 26 20 42 25 74 77 65 54 72 5 50 62 58 73 59 49 29 80 65 71 60 45 79 4 3 11 58 26 25 74 3 77 70 34 
13 20 42 74 5 49 73 80 71 45 60 79 4 3 11 34 76 81 70 62 17 68 45 59 25 34 
13 20 62 11 42 15 25 74 59 54 72 5 73 50 49 80 29 47 48 71 45 60 2 22 30 79 52 41 4 24 57 5 38 4 3 78 70 62 59 34 
13 20 42 74 5 62 59 49 69 31 71 45 60 63 22 79 52 41 38 4 3 11 34 76 33 68 45 70 25 34 
13 63 33 20 11 42 54 25 74 5 50 62 59 49 60 63 71 45 79 4 34 76 33 40 3 68 45 37 70 34 
13 19 20 46 42 74 72 5 73 49 29 80 71 45 60 79 4 24 57 5 3 11 4 24 57 5 25 74 4 3 11 25 74 70 3 34 
13 19 20 46 11 42 25 74 5 73 49 80 65 71 45 60 63 79 4 3 11 58 26 33 40 77 70 37 25 34 
13 20 11 42 25 74 5 73 49 80 71 45 60 22 79 52 41 4 24 38 57 5 4 24 57 5 4 3 70 34 
13 20 74 42 5 49 4 0 14 5 71 45 60 22 79 52 41 38 4 24 57 5 4 3 11 25 74 3 11 34 76 68 45 70 25 34 
13 20 49 42 74 70 62 5 73 59 49 80 65 71 45 60 79 4 3 11 25 74 3 11 34 76 25 74 58 26 3 70 77 68 
13 54 20 42 74 5 50 62 59 49 71 45 60 63 22 79 52 41 38 4 24 3 11 25 74 3 11 33 20 25 74 60 57 5 34 76 4 68 45 70 3 11 25 34 
13 20 11 25 74 42 5 73 49 80 71 45 60 22 79 52 41 4 38 3 34 76 68 45 70 34 
13 49 74 20 42 70 62 5 59 49 71 45 60 79 4 3 70 34 
13 20 42 74 54 5 72 50 49 73 80 29 47 56 71 45 60 63 2 22 79 4 24 41 57 5 4 3 19 46 74 3 11 81 34 76 33 40 17 68 45 70 62 6 25 37 59 34 
13 20 42 74 72 5 73 49 29 16 80 39 55 71 45 60 79 4 3 11 25 74 3 34 76 53 81 17 68 45 70 34 
13 20 42 74 5 73 49 80 65 71 45 60 79 4 3 11 25 74 3 11 25 74 34 76 58 26 3 11 70 62 77 68 45 59 25 34 
13 11 20 42 25 74 62 5 59 49 48 71 45 60 63 22 30 79 52 41 38 3 19 4 46 74 3 11 25 74 3 11 33 40 70 62 37 59 54 50 25 34 
13 20 49 42 74 70 54 72 5 50 62 59 49 29 71 45 60 79 4 81 34 76 26 17 77 70 3 68 45 34 
13 19 20 49 42 46 74 70 62 72 5 59 49 29 47 71 45 60 63 2 22 79 52 41 4 38 34 76 3 70 33 26 68 45 77 34 
13 63 33 20 42 74 5 49 71 45 60 63 22 79 52 41 4 24 57 5 38 4 24 3 11 25 74 33 20 60 63 3 26 34 76 33 57 77 70 68 45 34 
13 24 63 62 33 20 42 74 57 5 59 49 71 45 60 79 4 3 11 25 74 3 70 34 
13 20 42 74 72 5 73 49 29 80 65 71 45 60 79 4 3 58 26 77 70 62 59 34 
13 20 62 42 74 59 49 5 71 45 60 63 79 70 62 52 59 49 4 38 3 11 25 74 3 11 81 34 76 26 17 33 77 70 68 45 25 34 
13 63 33 20 11 42 25 74 5 49 71 45 60 63 79 52 4 38 3 11 25 74 3 11 34 76 26 25 33 74 40 68 45 70 62 77 3 59 37 34 
13 62 20 42 74 72 59 54 5 50 73 49 80 29 47 71 45 60 2 22 79 52 41 4 38 3 11 25 74 3 34 76 70 62 68 45 59 34 
13 62 20 42 74 59 54 5 50 62 59 49 71 45 60 79 4 3 11 25 74 3 34 76 68 45 70 34 
13 20 42 74 5 49 71 45 60 79 4 24 3 11 57 5 4 25 74 3 34 76 68 45 70 34 
13 19 20 49 42 46 74 70 54 5 50 62 59 49 73 80 65 48 71 45 30 60 22 79 52 41 4 38 3 58 26 70 77 34 
13 20 42 74 5 73 49 80 71 45 60 63 22 4 0 79 14 5 52 41 4 38 3 33 20 60 81 34 76 17 68 45 70 34 
13 62 19 20 42 46 74 59 54 5 50 62 59 49 71 45 60 79 4 3 70 34 
13 19 20 46 11 42 25 74 72 5 49 29 71 45 60 63 79 4 24 57 5 4 3 34 76 68 45 33 40 70 37 34 
13 19 20 42 46 74 5 49 71 45 60 79 4 3 11 25 74 3 81 11 26 25 74 17 3 70 77 34 
13 20 64 42 5 66 72 27 56 35 29 47 4 24 60 63 71 45 57 5 79 44 4 24 11 57 5 25 74 62 59 54 50 62 59 54 50 62 59 4 24 3 19 46 11 34 76 25 19 68 45 18 42 34 13 33 20 73 46 74 10 80 2 72 75 57 5 1 51 43 67 29 6 48 4 24 30 60 63 71 45 57 5 79 4 3 19 46 74 3 11 25 74 33 40 3 37 34 
13 20 42 74 72 5 29 48 4 24 30 71 45 60 63 62 57 5 59 79 44 4 24 57 5 4 24 57 5 4 24 34 13 33 20 18 42 57 5 66 35 4 24 71 45 60 63 57 5 33 40 79 37 63 4 24 3 11 57 5 25 74 4 33 20 3 11 60 63 34 25 76 68 33 
20 13 10 42 5 66 1 51 35 67 21 4 24 49 57 5 70 62 60 63 61 71 45 4 24 59 49 70 57 54 5 33 40 79 44 50 62 37 63 59 49 4 24 33 20 60 63 34 13 33 20 18 57 42 5 73 80 4 24 70 62 59 62 59 49 60 63 71 45 57 5 70 22 62 79 59 49 41 4 24 11 57 5 25 74 3 11 4 24 25 19 46 11 57 5 25 74 4 34 76 70 62 68 3 59 33 
20 42 13 74 10 66 75 72 1 35 5 43 15 29 47 56 78 21 4 24 62 59 49 60 63 71 45 61 70 57 5 54 79 44 50 49 4 24 3 11 25 19 33 20 34 76 46 11 60 63 18 42 25 74 68 45 3 11 33 20 6 64 25 74 34 13 57 5 27 81 17 4 24 70 62 60 63 57 5 71 2 22 59 54 33 40 79 44 37 63 50 49 41 70 54 50 62 59 4 3 11 25 74 26 77 3 11 25 74 3 11 33 20 25 60 18 
42 74 3 19 20 13 64 46 74 5 27 69 51 31 52 67 23 7 8 21 38 4 24 54 36 50 62 60 63 57 5 59 49 71 45 61 70 62 79 59 49 4 24 57 5 70 62 59 54 3 19 50 62 59 49 46 74 70 62 26 4 59 77 24 49 65 57 5 3 19 58 26 46 11 25 74 70 62 34 76 77 59 54 33 40 3 4 68 50 62 37 63 59 33 
20 8 73 10 42 13 5 80 36 75 1 69 51 43 52 67 31 38 4 24 54 50 49 60 63 71 70 62 79 59 49 57 5 4 24 57 5 4 70 62 59 33 
20 13 42 5 72 23 29 47 52 38 32 4 24 60 63 71 45 57 5 2 62 22 79 44 59 49 4 24 41 47 57 5 4 24 34 13 33 20 18 42 64 57 5 9 66 27 35 7 4 24 70 54 21 50 62 59 49 71 60 63 33 40 2 22 70 62 57 5 61 59 54 79 50 37 63 41 4 11 25 74 3 33 
20 19 42 13 10 46 74 5 75 1 81 12 43 15 17 52 38 32 78 21 4 24 60 63 61 9 22 52 71 45 33 40 54 57 5 79 44 37 63 50 62 59 49 41 47 38 32 4 0 14 5 4 24 3 19 46 74 34 76 68 45 34 13 33 20 18 42 57 5 28 69 31 9 52 38 70 62 4 24 59 54 50 49 60 63 2 22 71 70 62 57 5 79 59 49 41 70 62 59 54 50 62 59 4 3 11 25 74 3 11 25 33 
13 19 20 42 46 74 72 5 75 73 80 43 29 47 48 30 4 24 60 71 45 57 5 2 22 79 41 4 3 34 
13 49 20 42 74 72 75 5 43 15 29 4 24 60 63 71 45 57 5 79 44 4 24 70 62 59 34 49 13 3 11 33 20 18 42 25 74 78 75 57 5 43 4 24 60 63 71 45 57 5 4 24 70 62 57 5 59 49 79 4 24 57 5 34 76 68 45 4 24 57 5 70 62 33 40 59 54 4 37 50 3 34 
13 20 42 74 5 72 73 69 80 65 29 4 0 31 12 14 5 4 24 60 71 63 45 62 57 5 59 49 79 44 4 24 3 11 25 74 70 62 59 3 11 62 59 49 33 20 34 13 18 42 25 57 5 28 52 38 4 24 60 71 45 79 57 5 4 58 26 77 70 54 50 34 
13 49 19 20 42 46 74 5 48 52 38 32 30 4 24 57 5 60 63 22 71 45 70 62 59 49 79 44 21 4 24 41 47 3 11 61 18 42 25 19 46 11 25 74 70 62 57 5 34 13 4 24 59 3 11 33 20 25 57 5 4 0 9 52 14 5 38 4 24 60 71 45 57 5 2 22 4 24 57 5 79 41 4 24 57 5 4 34 
13 20 11 42 25 74 5 23 62 4 24 59 49 57 5 60 63 71 45 70 62 4 24 22 59 49 57 5 41 79 44 4 24 57 5 34 76 70 81 62 33 40 59 68 45 62 4 24 34 13 17 59 49 37 63 33 20 64 18 42 57 5 27 56 7 6 48 52 30 38 4 24 57 5 60 63 71 45 4 24 33 40 37 57 5 4 34 76 79 68 45 70 62 59 3 34 
13 49 19 20 42 46 74 5 56 4 0 14 5 4 24 71 45 60 63 22 70 62 57 5 59 79 49 44 41 47 4 24 21 3 11 61 25 74 3 11 25 74 57 5 70 62 59 54 4 24 3 50 11 34 13 33 20 18 42 25 74 57 5 51 6 67 52 38 4 24 60 71 45 2 22 41 57 5 79 3 11 25 74 34 76 68 45 4 24 26 34 76 57 5 77 68 45 3 4 34 
13 19 64 20 42 46 74 5 27 52 38 4 24 57 5 60 63 71 45 33 40 79 37 4 24 57 5 4 3 11 25 74 62 34 76 59 54 68 45 50 3 34 
13 49 19 20 42 46 74 5 75 3 11 51 25 74 43 15 67 23 52 56 38 32 4 24 57 5 60 63 71 45 4 24 57 5 79 44 4 24 3 11 25 74 33 20 60 63 70 62 59 54 3 11 34 13 50 62 59 49 25 19 33 20 18 42 46 74 57 5 78 75 7 51 43 15 6 67 4 24 60 63 71 45 78 21 3 11 61 15 25 74 3 11 25 74 70 62 57 5 59 54 4 3 24 11 50 62 34 13 59 49 33 20 25 57 5 72 29 47 9 52 38 4 24 60 71 45 57 2 5 22 70 62 59 79 49 41 78 21 61 4 24 57 5 4 24 34 76 70 62 26 57 5 68 45 59 77 4 34 
20 74 13 5 4 24 57 5 60 63 71 62 22 41 59 49 4 24 3 11 26 57 5 70 62 25 74 59 54 77 4 3 11 50 25 33 
20 42 13 74 5 12 4 24 60 63 71 45 57 5 62 59 54 79 44 50 49 4 24 3 11 25 74 18 42 70 62 57 5 4 24 59 49 33 20 34 13 57 5 28 4 24 71 60 63 57 5 70 62 79 4 24 59 49 21 57 5 61 4 24 33 20 60 63 57 5 70 62 3 4 59 33 
20 42 74 13 5 72 73 80 65 29 47 71 45 60 63 2 22 79 44 62 59 41 47 62 4 24 59 49 3 11 18 42 25 74 70 34 62 76 68 45 3 11 59 49 33 64 20 34 13 25 74 27 56 2 72 57 5 29 47 81 17 4 24 60 63 71 45 57 5 70 62 2 22 79 44 59 49 41 47 4 24 3 11 25 19 18 42 46 74 57 5 34 76 70 54 4 24 50 62 68 45 3 59 11 33 20 34 13 25 74 57 5 75 58 73 51 80 43 6 67 52 38 4 24 60 63 71 2 22 57 5 79 41 4 24 3 11 25 74 57 5 4 3 33 
20 42 13 74 5 4 24 60 63 57 5 71 62 79 59 49 4 24 70 62 59 57 5 4 3 33 
20 42 13 74 5 73 51 80 65 67 52 38 4 24 71 45 60 63 57 5 79 44 3 11 4 24 18 25 74 34 76 3 11 68 33 20 25 74 60 63 62 57 5 58 26 59 54 4 3 11 77 50 25 33 
20 13 74 5 72 51 29 47 67 52 38 4 24 60 63 71 2 22 62 57 5 59 41 21 61 15 4 3 11 78 25 33 
20 42 13 74 56 72 5 51 29 47 6 67 52 38 4 24 57 5 60 63 71 2 22 62 59 49 79 41 70 62 59 49 70 62 4 24 59 49 70 62 57 5 4 59 3 33 
20 42 13 74 5 48 30 4 24 57 5 60 71 22 62 59 79 44 41 49 4 24 70 62 57 5 4 59 54 3 50 18 
42 20 74 13 5 72 29 4 24 60 63 57 5 71 62 45 59 49 4 24 79 44 57 5 4 24 3 11 18 42 25 74 57 5 70 54 50 62 3 11 4 24 59 49 33 20 34 13 25 74 57 5 73 51 80 67 4 24 60 63 71 70 62 57 5 79 4 24 59 49 57 5 70 62 4 3 11 25 59 33 
20 42 74 13 5 4 24 60 63 71 45 22 57 5 41 79 44 3 11 4 24 25 74 3 11 34 76 25 19 18 46 11 25 74 54 68 45 50 62 3 59 49 19 33 20 46 11 25 74 34 13 57 5 32 4 24 60 63 71 9 52 57 5 70 54 21 50 62 4 24 38 59 49 57 5 61 4 24 3 11 25 74 57 5 70 62 59 54 4 3 50 33 
42 5 62 59 49 11 4 24 25 19 20 13 46 11 25 74 57 5 4 24 57 5 60 71 45 70 62 79 44 59 4 3 11 25 18 34 
42 76 5 26 62 59 54 11 68 45 77 4 24 50 49 20 34 13 25 74 57 5 4 24 57 5 71 60 45 22 70 62 4 0 79 44 41 59 14 5 4 24 57 5 4 3 11 25 74 34 76 3 68 18 
42 74 5 62 4 24 59 49 13 3 11 20 25 74 57 5 72 29 4 24 60 63 71 45 57 5 70 62 79 44 4 24 59 49 21 3 11 25 74 61 3 11 25 19 18 42 46 11 34 76 25 74 68 45 26 57 5 4 3 77 24 19 33 20 46 74 34 13 57 5 51 67 52 38 4 24 57 5 60 63 71 45 33 40 70 62 79 37 63 4 24 59 49 33 20 60 57 5 70 62 4 59 3 34 
13 19 42 20 46 74 5 69 51 67 31 12 48 30 4 24 57 60 5 63 71 45 22 62 59 54 79 44 50 49 41 4 24 57 5 34 76 68 45 70 62 4 24 3 11 25 19 59 49 33 20 18 42 34 13 46 74 57 5 28 4 24 71 45 60 57 5 70 62 79 4 24 57 5 59 54 4 24 50 57 5 3 4 34 
13 49 20 42 74 5 4 24 57 5 60 63 71 70 62 59 79 44 4 24 57 5 4 24 33 20 3 57 60 18 
42 62 74 13 24 3 19 59 49 20 46 11 25 19 72 57 5 46 11 25 74 29 47 48 30 4 24 71 57 5 60 2 22 70 62 79 44 4 24 41 59 3 11 57 25 18 
42 26 77 65 11 24 20 25 74 13 57 5 4 24 60 63 71 45 22 57 5 62 79 44 41 47 4 24 59 49 3 11 34 76 25 74 18 42 68 45 57 5 34 76 70 62 68 45 4 24 59 49 3 34 13 19 33 20 46 11 25 74 57 5 58 73 80 65 4 24 58 73 71 45 60 63 70 62 80 2 22 57 5 79 44 41 47 59 54 4 24 50 62 33 20 3 11 25 19 60 18 63 42 46 57 5 74 4 24 3 11 34 13 59 49 33 20 25 74 57 5 75 43 15 4 24 57 5 60 71 45 2 22 70 54 50 49 79 41 78 21 4 24 57 5 61 15 4 24 57 5 70 62 4 3 78 59 34 
13 19 20 42 46 74 5 4 24 71 45 60 63 22 57 5 62 79 41 4 24 59 49 57 5 4 24 33 20 60 57 5 70 62 3 4 59 34 
13 20 42 74 72 75 73 5 80 65 29 43 15 71 45 60 63 62 59 54 50 62 79 44 78 21 4 24 59 49 57 5 61 4 24 33 20 57 5 60 63 34 76 70 62 68 45 3 4 24 19 59 49 33 20 34 13 18 42 46 11 25 74 58 73 80 57 5 4 24 60 57 5 71 45 70 62 79 44 59 4 3 34 18 
42 5 74 62 59 54 4 24 45 3 50 19 49 46 11 20 25 74 34 13 57 5 52 38 4 24 57 5 60 63 71 45 70 62 79 44 59 49 4 24 57 5 4 24 3 11 33 20 60 63 18 42 25 74 70 62 57 5 26 3 11 4 24 77 34 13 59 49 33 20 25 74 57 5 4 24 57 5 71 45 60 63 70 62 79 44 59 54 50 49 4 24 33 20 3 11 60 63 25 74 57 5 70 3 11 4 24 62 25 19 59 49 18 33 42 20 34 13 46 74 57 5 4 24 71 60 57 5 79 44 70 62 59 4 24 3 11 57 25 18 
42 11 24 25 19 20 46 13 74 57 5 72 29 47 52 38 4 24 60 63 57 5 71 45 2 22 54 79 50 49 41 4 24 3 11 25 74 33 20 60 57 5 26 70 4 3 77 34 
13 19 49 20 42 46 11 25 74 5 52 38 60 71 70 62 79 44 59 49 4 3 70 18 
20 13 42 74 5 4 24 57 5 60 71 45 62 79 4 24 59 49 3 11 25 74 57 5 70 4 54 3 50 34 
13 42 20 74 5 73 80 4 24 57 5 60 63 71 62 59 49 79 4 24 3 11 25 19 46 11 57 5 70 62 25 74 3 11 4 25 59 33 
20 42 11 13 25 74 5 52 38 4 24 57 5 60 63 71 45 62 79 59 54 50 62 59 49 4 24 3 11 34 76 25 57 74 5 70 62 33 40 59 54 68 37 4 63 3 11 50 25 33 
20 13 42 74 5 73 80 4 24 60 63 71 45 57 5 62 79 44 59 49 4 24 33 20 18 42 60 63 57 5 34 76 70 68 45 54 3 4 24 19 50 49 33 20 34 13 46 74 57 5 51 67 32 4 24 57 5 60 63 71 70 62 9 79 59 54 50 49 4 24 3 11 57 5 25 74 70 62 4 3 59 33 
20 42 13 74 5 4 24 60 63 71 45 57 5 22 62 79 41 59 49 4 24 57 5 4 24 3 11 57 5 25 74 70 62 34 76 3 11 4 59 25 68 33 
20 42 11 13 25 74 5 72 32 29 9 52 38 4 24 60 63 57 5 71 62 79 59 49 4 24 21 61 57 5 33 20 4 24 60 63 57 5 70 62 3 4 59 33 
20 42 13 74 5 73 80 23 4 24 60 63 57 5 71 45 62 79 44 59 49 4 24 21 61 15 3 11 33 20 60 63 70 62 57 5 18 42 25 74 59 4 3 54 24 19 50 49 78 33 20 46 11 34 13 25 74 57 5 56 52 38 32 4 24 60 63 71 45 57 5 22 79 44 41 4 24 57 5 70 54 4 24 3 19 50 34 49 13 6 64 33 20 18 42 46 11 25 74 57 5 27 56 7 51 6 67 9 52 48 38 30 4 24 60 63 57 5 71 70 62 79 44 59 49 4 24 3 11 33 20 25 74 57 5 60 63 70 62 4 59 54 3 50 18 33 
42 20 13 11 25 74 5 4 24 57 5 60 63 71 62 79 59 49 4 24 57 5 26 77 4 24 57 5 70 54 50 62 4 3 59 33 
20 42 13 74 5 4 24 57 5 60 63 71 45 62 79 44 59 49 4 24 33 20 3 11 18 42 60 63 25 74 57 5 70 54 4 24 50 62 3 59 49 19 34 13 46 11 33 20 25 74 57 5 4 24 57 5 60 63 71 45 70 62 79 44 59 49 4 24 57 5 4 24 3 11 33 20 60 63 18 42 57 5 25 74 70 62 3 11 59 54 4 24 50 62 25 19 59 49 33 20 46 11 34 13 25 74 57 5 4 24 57 5 60 63 71 45 70 62 79 44 21 59 49 4 24 61 33 20 3 11 60 63 25 74 70 62 57 5 4 24 34 13 3 59 49 19 33 20 18 42 46 11 25 74 57 5 4 24 60 63 71 57 5 70 62 79 59 49 4 24 33 20 3 11 60 63 57 5 25 74 70 62 3 4 59 33 
20 42 13 74 5 4 24 60 63 57 5 71 62 59 54 79 44 4 0 50 62 14 5 4 24 59 49 3 11 18 33 20 25 60 74 63 57 5 70 62 3 59 54 4 50 33 
20 13 74 5 4 24 71 60 45 63 22 62 57 5 59 49 4 0 41 14 5 70 62 34 76 59 54 3 4 68 50 62 59 33 
20 42 13 74 5 4 24 60 63 71 45 57 5 62 79 44 59 49 4 24 3 11 33 20 57 5 60 63 25 74 70 62 18 42 34 76 59 54 3 11 4 24 50 68 45 49 64 33 20 34 13 25 74 27 56 57 5 72 29 4 24 60 57 5 71 70 62 59 54 79 44 50 62 59 49 4 24 57 5 4 24 57 5 70 62 59 54 3 4 50 62 59 6 18 
42 20 74 13 5 4 24 57 5 60 63 71 45 62 79 44 59 49 4 24 33 20 18 42 34 76 60 63 57 5 70 62 33 40 59 54 3 11 68 45 4 24 25 19 37 63 50 49 33 20 46 11 34 13 25 74 57 5 32 4 24 57 5 60 63 71 45 70 62 33 40 79 44 9 52 37 63 59 49 21 4 24 38 61 15 33 20 3 11 18 42 34 76 60 63 57 5 25 74 70 62 3 11 4 24 68 45 78 59 49 33 20 25 74 34 13 57 5 4 24 60 63 57 5 71 45 33 40 70 62 79 44 37 63 59 49 4 24 3 11 33 20 25 74 57 5 60 34 76 70 62 4 3 68 59 18 
42 20 13 74 5 4 24 57 5 60 63 71 45 62 79 44 59 49 4 24 3 11 33 20 18 42 25 74 60 63 57 5 70 62 3 11 4 24 25 19 59 49 33 20 46 74 34 13 57 5 4 24 57 5 71 60 63 22 70 62 41 59 79 49 44 4 24 57 5 33 20 60 70 54 4 3 11 50 62 25 59 18 
42 20 11 25 74 13 5 4 24 60 63 57 5 71 45 54 79 44 50 62 59 49 4 24 18 33 20 3 11 60 63 57 5 25 74 34 76 70 62 3 11 68 4 25 59 33 
20 74 62 13 5 59 54 50 62 59 49 4 24 60 63 57 5 71 45 22 44 41 4 24 3 11 33 20 18 42 57 5 60 63 34 76 25 74 70 54 3 11 4 24 25 19 68 45 50 62 59 49 33 20 46 34 13 74 57 5 4 24 60 63 71 57 5 70 62 79 59 4 24 57 5 26 3 11 4 77 25 33 
20 42 13 74 5 4 24 60 63 57 5 71 45 62 79 44 59 49 4 24 33 3 20 11 18 42 60 63 25 74 26 57 5 70 62 77 4 24 3 59 19 33 20 46 34 74 13 57 5 52 38 4 24 60 63 71 57 5 79 44 4 24 3 11 25 74 33 20 60 57 5 3 4 18 
42 20 74 13 5 72 29 52 38 4 24 60 63 57 5 71 45 62 79 44 59 49 4 24 3 11 18 42 25 74 70 62 57 5 34 76 33 40 68 45 4 24 3 19 37 63 33 20 46 74 73 34 13 59 54 57 5 80 50 62 59 49 4 24 57 5 60 63 71 70 62 79 44 59 49 4 24 33 20 3 11 57 5 25 74 60 70 4 3 11 25 18 
42 20 11 25 74 13 54 5 50 62 59 49 4 24 60 63 57 5 71 45 70 62 79 44 59 49 4 24 33 20 3 11 60 25 74 34 76 57 5 70 54 4 3 11 68 50 62 25 59 18 
42 20 13 74 5 4 24 60 63 71 57 5 62 59 49 79 44 4 24 33 20 3 11 60 57 5 70 4 25 18 
42 49 20 11 25 74 13 5 4 24 60 71 57 5 70 62 79 44 59 49 4 24 3 11 57 5 25 74 70 4 3 18 
20 42 74 13 5 72 29 47 4 24 71 45 60 63 57 5 62 79 44 59 49 4 24 3 11 18 25 74 70 62 3 11 59 49 33 20 25 74 34 13 57 5 2 72 29 4 24 57 5 60 63 71 4 24 3 11 57 5 25 74 70 62 3 4 59 33 
20 74 13 5 4 24 57 5 60 63 71 45 62 44 59 54 50 62 4 24 59 49 3 11 57 5 34 76 18 42 70 62 59 68 54 45 4 24 50 49 33 20 25 74 34 13 57 5 4 24 57 5 60 63 71 70 62 79 59 49 4 24 3 11 57 5 25 74 70 62 3 4 59 33 
20 42 74 13 5 4 24 60 63 71 57 45 5 62 79 52 59 49 38 4 24 3 11 57 5 25 74 34 76 70 62 59 54 68 3 19 4 50 46 33 
20 42 74 13 5 56 73 80 6 60 63 71 45 62 79 59 49 21 4 24 57 5 61 4 24 3 11 25 74 34 76 57 5 68 70 62 3 11 4 25 59 33 
20 42 74 13 5 4 24 57 5 71 60 63 62 79 59 49 4 24 3 11 25 74 57 5 70 62 3 11 4 59 25 33 
20 42 74 13 5 4 24 57 5 60 63 71 22 62 79 44 41 59 49 4 24 3 11 57 5 18 42 25 74 70 62 79 59 54 3 11 4 25 50 33 
20 42 74 13 5 60 63 71 79 4 24 3 11 57 5 25 74 62 3 11 4 59 25 33 
20 42 13 5 73 80 4 24 57 5 60 71 4 24 52 79 44 57 5 38 4 24 57 5 11 25 74 62 4 3 59 18 
42 20 11 15 25 74 13 5 60 71 62 79 44 78 59 49 15 3 11 25 74 26 70 54 4 3 77 78 50 18 
42 20 15 74 13 5 32 4 24 60 63 71 45 22 57 5 62 41 59 49 78 4 24 15 57 5 79 44 4 24 3 11 25 19 46 11 18 42 57 5 25 74 70 62 59 54 4 24 3 11 78 50 62 59 49 33 20 25 74 34 13 57 5 3 9 19 46 11 32 25 74 9 52 38 4 24 60 63 57 5 71 45 70 62 79 44 59 49 4 24 3 11 34 76 18 42 25 74 57 5 70 62 68 45 4 24 3 11 59 49 33 20 25 74 34 13 57 5 70 54 60 63 33 20 50 62 59 49 4 24 57 5 60 63 71 45 70 62 59 49 79 44 3 11 34 76 25 74 70 62 68 45 3 4 24 19 59 49 18 42 33 20 46 74 34 13 57 5 4 24 71 45 60 57 5 79 44 4 24 57 5 34 76 68 70 62 3 11 4 59 25 18 
42 20 11 25 74 13 5 4 24 57 5 60 71 62 79 44 59 49 4 24 57 5 70 62 3 11 59 54 4 25 19 50 46 18 
42 20 74 13 5 4 24 60 63 57 5 71 45 79 44 4 24 3 11 57 5 18 42 62 59 54 4 24 50 49 33 20 25 74 34 13 57 5 4 0 14 5 71 45 60 63 70 62 79 44 59 49 4 24 3 11 18 42 25 74 57 5 34 76 33 40 70 62 79 68 59 3 54 11 4 37 25 50 
13 11 24 20 49 25 19 64 15 42 46 10 27 78 75 1 12 43 57 5 4 0 28 69 14 5 4 24 31 71 45 60 57 5 70 62 59 54 50 62 79 59 49 4 24 70 62 59 49 26 70 62 77 65 59 49 58 26 70 54 57 5 77 50 62 4 59 34 
13 20 11 42 25 74 5 4 24 57 5 4 24 71 60 63 62 57 5 79 4 59 49 70 62 59 49 70 62 3 59 33 
20 13 73 19 15 42 46 10 5 74 80 65 72 4 24 1 12 29 47 78 75 57 5 28 69 43 15 4 0 14 5 4 24 31 12 58 73 57 5 60 63 71 45 80 65 62 79 44 59 49 4 24 3 11 70 62 25 74 59 49 3 34 13 19 33 20 64 58 73 18 42 46 74 28 10 2 72 27 56 80 65 1 29 47 78 75 57 5 43 6 48 4 0 14 5 30 4 24 71 60 63 57 5 2 22 70 62 59 54 79 50 49 41 4 24 58 26 70 62 77 59 54 57 5 4 50 3 33 
20 13 42 74 5 10 4 24 1 12 57 5 28 69 4 24 31 12 57 5 60 63 71 45 79 44 62 59 49 4 24 70 62 57 5 4 24 59 49 3 33 20 19 34 13 73 64 18 42 80 65 46 74 28 10 27 56 72 1 29 6 57 5 4 24 57 5 70 62 60 71 45 4 24 57 5 59 49 79 4 24 58 26 57 5 70 62 77 59 3 4 34 
13 20 64 19 42 46 74 10 5 27 56 72 75 1 12 4 24 29 47 43 15 57 5 4 24 60 63 2 22 57 5 71 45 62 79 44 41 59 49 4 24 70 62 34 76 33 40 68 45 57 5 37 63 4 24 3 11 6 64 59 49 25 19 33 20 34 13 73 18 42 46 80 65 28 10 57 5 27 56 1 4 24 57 5 4 24 71 45 60 57 5 70 62 79 59 49 4 24 57 5 4 24 78 70 62 34 76 58 26 68 45 57 5 59 54 77 50 62 4 6 59 34 
13 20 19 42 46 11 5 25 72 56 4 24 29 47 6 57 5 4 0 14 5 4 24 71 45 60 2 22 57 5 54 79 41 50 49 4 24 34 76 68 45 70 57 34 
13 20 49 24 19 73 57 5 42 80 46 74 72 4 24 29 57 5 4 24 57 5 70 62 69 59 49 81 4 24 31 17 57 5 60 71 45 70 62 79 59 49 4 24 21 3 11 25 61 70 62 57 5 59 4 34 
24 13 20 11 25 19 42 46 11 57 5 25 74 4 24 57 5 4 24 60 71 57 45 5 62 4 24 79 59 49 57 5 4 24 57 5 4 24 57 5 70 62 59 54 50 4 3 34 
13 49 20 19 73 42 46 74 80 10 5 65 4 24 1 12 48 57 5 30 60 63 4 24 71 45 70 62 22 57 5 79 44 4 24 41 47 59 49 3 11 25 74 57 5 4 24 70 62 57 5 59 49 3 4 24 34 13 19 33 20 18 42 46 74 28 10 57 5 60 63 1 12 4 24 33 20 57 5 2 22 60 63 70 62 71 45 79 44 4 24 59 49 41 70 62 57 5 59 49 3 11 4 24 33 20 34 13 25 19 46 11 18 42 25 74 28 10 57 5 4 24 1 12 57 5 28 69 4 24 31 71 60 63 58 73 57 5 70 62 80 65 79 59 49 4 24 58 70 26 62 59 49 77 70 62 57 5 59 4 3 33 
20 13 64 19 42 46 74 5 27 56 4 24 6 48 30 57 5 69 4 24 31 73 57 5 60 63 71 45 80 79 4 24 3 11 25 74 62 33 40 59 57 37 3 34 
20 13 19 46 42 5 74 4 24 57 5 4 24 57 5 60 22 4 24 71 45 57 5 62 79 41 59 49 4 24 34 76 70 57 68 45 3 11 25 34 
13 49 24 11 20 25 19 42 46 57 5 4 24 75 43 57 5 4 24 60 63 22 71 45 57 5 70 62 79 41 59 49 4 24 33 20 60 57 5 70 26 77 4 34 
13 49 20 11 25 19 42 46 74 5 75 43 15 4 24 71 45 60 57 5 70 62 79 59 49 4 24 57 5 4 24 57 5 4 24 57 5 70 62 26 78 59 54 77 50 4 3 34 
13 19 20 64 15 42 10 46 5 27 78 75 1 4 24 43 15 57 5 4 24 60 63 62 71 45 57 5 79 33 40 37 63 59 49 4 24 57 5 4 24 57 70 62 59 54 33 40 78 50 62 59 37 34 
63 13 64 24 11 33 20 25 19 73 10 15 42 80 27 46 74 57 5 4 24 1 57 5 4 24 60 57 5 71 45 62 79 4 24 59 49 57 5 4 24 78 70 62 57 5 59 4 3 34 
13 19 20 46 11 42 25 10 72 29 47 1 12 5 28 69 31 4 24 60 2 22 71 57 45 5 62 79 59 49 41 4 24 70 62 57 5 4 24 34 76 68 45 57 5 59 54 4 50 34 
13 20 11 25 19 42 72 46 11 25 5 29 47 4 24 57 5 4 24 60 2 22 71 45 57 5 79 4 24 41 57 5 4 24 57 5 4 24 57 5 4 24 26 57 5 4 77 34 
13 20 19 42 5 46 72 4 24 29 57 5 4 24 60 71 45 57 5 54 79 50 62 59 49 4 24 70 57 34 
13 24 20 49 64 19 73 42 46 74 80 10 57 5 27 4 24 1 57 5 4 24 60 71 45 70 62 57 5 79 59 49 4 24 57 5 4 24 34 76 70 62 57 68 45 3 11 25 59 34 
13 24 20 19 42 46 57 5 74 75 4 24 43 15 57 5 69 4 24 31 22 60 71 45 57 5 62 79 41 59 49 4 24 70 62 57 5 26 77 78 3 4 59 34 
13 20 73 42 5 74 10 80 65 4 24 1 12 57 5 28 69 4 31 24 57 5 60 71 45 62 79 59 49 4 24 3 11 58 57 5 70 25 4 0 14 34 
13 24 65 62 59 49 19 20 42 10 46 57 5 74 1 4 24 57 5 4 24 57 5 4 24 57 5 60 63 4 24 71 70 62 57 5 79 59 49 4 24 57 5 4 24 57 5 70 62 58 26 4 24 77 57 5 59 54 4 50 3 33 
20 49 13 19 15 42 46 74 5 4 24 78 75 43 15 57 5 4 24 57 5 22 60 63 71 45 70 62 33 40 79 41 37 59 49 4 24 57 5 26 70 62 34 76 59 54 77 68 45 78 3 4 50 34 
13 19 20 73 10 15 42 80 65 46 72 5 78 75 1 4 24 29 47 43 57 5 4 24 2 22 71 60 45 57 5 54 79 50 62 59 49 41 4 24 57 5 4 24 58 26 70 57 5 77 4 34 
13 64 49 11 20 25 19 46 11 42 27 5 25 4 24 73 75 80 57 5 4 24 43 57 5 4 24 57 5 70 62 71 45 60 79 59 49 4 24 57 5 4 70 62 59 49 70 62 59 34 
13 49 24 20 19 73 42 46 74 57 5 80 65 4 24 57 5 4 24 60 63 71 57 45 5 70 62 79 44 59 49 4 24 57 5 4 24 70 62 57 5 33 40 37 63 21 59 49 33 20 3 4 24 19 34 13 58 73 61 15 18 42 46 57 5 80 4 24 57 5 4 24 57 5 60 63 22 70 62 71 45 33 40 79 41 37 63 59 49 4 24 70 62 57 59 33 78 34 
13 24 64 49 20 19 73 10 15 42 46 74 57 5 72 27 80 65 4 24 1 29 57 5 4 24 57 5 60 63 71 45 70 62 79 44 59 49 4 24 57 5 4 24 70 62 57 5 34 76 78 21 68 45 34 13 33 20 59 49 3 11 4 24 25 19 61 15 18 42 46 57 5 4 24 57 5 4 24 60 71 45 57 5 70 62 79 59 49 4 24 57 70 62 58 26 59 54 77 78 50 34 
13 49 20 19 24 64 15 46 42 57 5 27 72 29 4 24 60 63 57 5 71 45 70 62 79 59 49 4 24 57 70 62 26 59 54 33 40 37 78 50 62 77 59 34 
13 24 11 20 15 25 19 42 46 74 57 5 4 24 57 5 60 71 45 22 62 79 41 59 49 4 24 70 62 57 26 34 76 77 68 45 78 3 59 34 
13 19 64 20 24 46 42 10 27 1 57 5 4 24 60 22 71 45 57 5 62 79 41 4 24 59 49 57 70 62 59 34 
13 24 20 19 10 42 46 57 5 4 24 1 75 57 5 4 24 43 15 57 5 4 24 57 5 22 60 62 71 45 79 59 54 41 50 62 59 49 4 24 70 62 57 5 78 59 4 34 
13 11 25 20 19 42 46 11 25 72 5 4 24 29 57 5 4 24 57 5 60 71 45 62 79 59 49 4 24 70 62 57 59 54 50 34 
13 24 11 20 25 19 42 46 57 5 4 24 75 43 57 5 4 24 60 71 45 62 57 5 79 4 24 59 49 57 5 4 24 34 76 70 62 59 57 54 68 45 50 34 
13 11 24 64 20 25 19 73 42 46 74 57 5 10 27 1 12 80 65 4 24 57 5 28 12 60 63 71 45 62 79 44 59 49 4 24 57 5 70 62 34 76 68 45 59 49 4 24 3 33 20 34 19 13 18 42 46 74 57 5 72 58 73 75 4 24 29 47 80 43 57 5 28 69 31 4 24 60 2 22 71 45 57 5 70 62 79 41 59 49 4 24 70 57 34 76 68 45 3 34 
13 24 49 20 19 42 46 72 75 29 47 57 5 43 4 24 2 22 60 57 5 70 62 71 45 79 41 59 49 4 24 26 57 5 77 4 24 34 76 70 62 57 68 45 59 54 50 62 59 34 
13 24 20 19 73 57 5 46 42 74 4 24 80 57 5 69 31 4 24 60 63 22 71 45 57 5 79 62 41 59 49 4 24 57 5 70 62 34 76 4 0 33 40 59 54 14 37 68 45 50 3 34 
11 13 49 24 25 19 20 42 46 57 5 4 24 57 5 4 24 57 5 60 63 71 45 70 62 79 59 49 4 24 57 5 4 24 57 5 34 76 70 62 59 54 33 40 68 45 50 62 37 59 4 34 
13 11 64 20 25 19 46 42 27 5 75 4 24 57 5 43 15 4 24 60 63 57 5 71 45 62 79 4 24 57 5 59 49 4 24 70 62 57 5 33 40 78 37 4 59 34 
13 19 20 73 10 15 42 46 80 65 78 75 1 43 5 4 24 60 57 5 71 45 62 79 59 49 4 24 70 57 5 58 26 77 4 34 
13 24 11 20 73 25 19 15 80 42 46 74 57 5 72 4 24 29 47 57 5 4 24 57 5 2 22 60 63 62 71 45 79 44 4 24 41 59 49 33 20 60 63 34 76 68 45 57 5 70 62 33 40 4 0 59 54 78 21 50 62 37 63 14 5 3 11 4 24 59 49 33 20 34 13 25 19 61 15 18 42 46 11 25 74 57 5 4 24 57 5 4 24 60 71 45 57 5 70 62 79 59 49 4 24 3 11 25 74 57 70 78 3 34 
13 49 20 19 24 42 46 72 74 29 47 57 5 56 6 4 24 57 5 60 63 70 71 62 45 2 22 79 41 4 24 59 49 34 76 57 5 70 68 45 33 40 37 3 4 34 
13 49 20 19 42 10 46 74 5 1 4 24 57 5 4 24 57 5 71 22 45 60 70 62 79 41 59 49 4 24 57 5 4 24 34 76 70 57 5 68 45 3 4 34 
13 49 20 15 42 5 4 24 57 5 4 24 60 71 45 22 57 5 70 62 79 41 59 49 4 24 70 62 57 5 78 59 4 34 
13 19 20 15 42 46 11 25 74 5 4 24 78 75 57 5 43 15 4 24 60 57 5 71 45 79 62 59 49 4 24 70 57 78 3 34 
13 49 20 19 24 42 46 57 5 4 24 57 5 69 4 24 31 60 71 45 70 62 57 5 79 4 59 24 49 70 62 57 5 59 54 50 62 59 4 34 
24 13 11 20 25 19 42 46 72 75 29 57 5 43 4 24 57 5 60 63 71 45 62 79 59 49 4 24 57 5 4 24 34 76 70 62 57 5 68 45 33 40 59 54 37 4 50 34 
13 20 19 46 11 42 25 74 72 5 75 29 4 24 57 56 5 43 15 4 24 60 63 71 45 57 5 62 79 59 49 4 24 34 76 57 70 62 3 11 33 40 68 45 59 54 25 37 78 6 50 34 
13 20 24 19 10 42 46 74 60 63 1 33 20 57 5 4 24 57 5 71 45 60 22 62 79 41 59 49 4 24 34 76 70 62 57 68 45 59 54 50 3 34 
13 20 24 19 42 46 74 57 5 75 4 24 57 5 43 4 24 57 5 60 62 71 45 79 59 49 4 24 70 34 76 57 68 45 3 34 
13 49 24 64 20 73 19 57 5 42 46 11 27 25 4 24 80 65 57 5 60 71 22 45 70 62 79 41 59 49 4 24 70 58 26 77 57 5 4 34 
13 49 20 19 42 46 11 72 25 74 75 29 5 56 43 4 24 57 5 60 71 45 70 62 3 11 79 25 74 59 49 4 24 70 57 5 34 76 26 3 11 68 45 77 6 25 4 34 
13 49 20 42 74 72 5 73 75 80 65 29 4 24 57 5 43 60 71 45 70 62 3 11 59 54 79 25 74 50 62 59 49 70 62 59 49 4 24 70 62 81 17 57 58 26 77 3 59 34 
13 64 20 19 24 42 46 74 27 57 56 5 4 24 57 5 3 11 4 24 25 74 60 63 71 57 45 5 62 79 33 40 59 54 37 50 62 59 49 4 24 3 11 25 74 57 70 62 34 76 3 11 68 45 25 74 59 6 3 34 
13 49 24 20 19 42 46 10 15 74 57 5 73 4 24 1 80 57 5 4 24 60 71 45 3 11 57 5 70 54 79 50 49 25 74 4 24 57 5 70 62 78 3 59 4 34 
24 13 20 19 15 42 46 78 75 57 5 43 15 4 24 60 63 57 5 71 45 62 79 59 49 4 24 57 5 4 24 57 5 34 76 70 62 33 40 68 78 37 63 4 59 33 
11 13 25 19 20 46 42 74 5 4 24 57 5 4 24 57 5 60 63 62 71 45 22 79 59 41 49 4 24 34 76 57 5 26 70 62 68 33 40 59 54 77 50 37 62 63 3 4 59 33 
20 13 19 42 46 74 5 4 24 57 5 4 24 60 63 22 71 45 57 5 79 62 41 59 49 4 24 70 62 34 76 57 5 26 33 40 59 54 68 45 77 3 37 4 50 34 
13 20 19 15 10 42 72 5 46 56 74 60 63 78 75 1 33 20 29 6 43 4 24 62 71 60 63 57 5 79 4 24 59 49 70 62 57 5 26 3 11 59 54 25 74 50 62 77 3 59 4 33 
20 13 19 42 46 72 5 60 63 75 29 33 20 43 69 31 60 63 71 62 79 59 49 4 24 57 5 70 62 59 54 50 62 59 4 33 
20 13 19 42 46 74 5 4 24 57 5 4 24 60 71 45 57 5 62 73 79 80 59 49 4 24 70 62 57 5 3 59 54 50 62 59 4 34 
13 20 19 42 46 74 5 60 63 75 33 20 43 15 4 24 57 5 60 63 62 71 79 59 49 4 24 26 70 57 5 54 50 62 77 3 11 59 78 25 4 33 
20 13 42 74 5 4 24 57 5 69 31 4 24 60 62 71 45 57 5 79 4 24 59 49 57 34 76 70 62 3 11 68 45 25 59 34 
13 24 20 42 74 57 5 75 4 24 57 5 43 15 60 62 71 45 22 79 41 59 49 4 24 57 5 4 24 70 34 76 57 26 3 11 25 78 68 45 77 34 
13 11 24 49 25 20 19 10 42 15 46 74 60 63 1 33 20 57 5 60 63 70 62 71 45 22 79 44 41 47 4 24 59 49 57 5 4 24 70 62 57 5 59 54 33 40 78 21 50 62 4 24 37 63 59 49 34 13 33 20 3 19 57 5 18 42 61 46 74 4 24 57 5 4 0 14 5 4 24 2 22 60 63 71 57 5 70 62 79 41 59 49 4 24 70 62 57 5 3 4 59 33 
20 13 19 42 5 46 74 4 24 60 57 5 62 71 45 79 4 24 59 49 70 62 57 5 3 11 25 74 3 11 4 59 25 34 
13 20 11 42 5 25 74 4 24 60 57 5 22 71 45 62 79 41 59 49 4 24 34 76 70 62 57 5 26 59 54 77 3 11 68 45 50 62 25 4 59 34 
13 20 11 42 25 74 72 60 63 5 73 29 33 47 20 4 24 80 65 57 5 4 24 60 57 5 58 73 71 45 62 2 22 79 80 65 41 59 49 4 24 57 70 62 59 54 58 26 3 50 77 34 
13 24 49 20 19 42 46 72 57 5 29 71 45 70 62 60 63 73 79 80 59 49 4 24 34 76 70 57 5 33 40 68 45 37 4 34 
24 13 49 20 19 15 10 42 46 74 72 57 5 78 75 1 29 43 4 24 57 5 60 63 73 70 62 71 45 80 79 59 49 4 24 57 5 4 24 70 62 57 5 3 4 59 33 34 
20 13 19 42 46 74 72 5 60 63 73 33 20 29 4 24 80 65 57 5 58 73 60 71 45 62 3 11 80 79 25 59 49 4 24 70 57 34 
13 49 20 24 19 42 46 74 57 5 4 24 71 45 60 70 62 57 5 79 4 24 59 49 57 5 4 24 70 62 57 3 59 34 
13 20 24 19 42 46 74 57 5 4 24 60 63 57 5 71 62 79 59 49 4 24 57 5 70 62 3 11 25 74 3 4 59 33 
13 24 20 19 42 46 74 57 5 16 39 4 24 60 57 5 71 45 3 11 62 22 79 25 74 41 59 49 4 24 70 62 57 59 54 50 3 34 
13 24 19 20 42 46 74 57 5 4 24 56 57 5 4 24 60 63 62 71 45 57 5 3 11 79 25 74 59 49 4 24 57 5 34 76 70 62 59 54 68 50 62 3 4 59 6 33 
20 19 13 42 46 74 15 5 72 4 24 29 57 5 4 24 60 63 57 71 5 62 3 11 79 25 74 59 49 4 24 70 62 57 3 78 59 33 
20 19 13 24 42 46 74 57 5 4 24 62 60 63 71 57 5 79 4 24 59 49 70 62 57 5 26 77 3 59 4 33 
20 19 13 42 46 11 5 4 24 25 74 57 5 4 24 57 5 60 63 71 62 79 4 24 59 49 57 5 70 33 40 3 4 37 63 33 
20 49 13 19 42 46 74 5 4 24 60 71 45 57 5 70 62 79 59 49 4 24 34 76 70 57 68 45 3 34 
13 49 19 24 20 42 46 74 57 5 73 4 24 80 57 5 4 24 71 45 60 63 57 5 70 62 79 4 24 59 49 33 20 60 70 62 57 3 59 34 
13 24 20 42 74 57 5 4 24 57 5 4 24 73 71 45 60 57 5 80 65 62 79 59 49 4 24 57 70 62 58 26 77 59 3 34 
13 24 19 42 46 74 57 5 20 75 43 4 24 71 45 60 63 22 62 57 5 79 41 59 49 4 24 33 20 60 34 76 57 70 5 62 68 45 59 54 81 50 4 17 3 34 
13 49 20 42 74 72 5 3 11 29 47 25 74 4 24 60 71 70 45 57 62 5 2 22 79 41 59 49 4 24 57 5 4 24 57 5 70 26 34 76 3 11 68 45 77 25 4 34 
13 49 64 20 19 42 46 11 25 74 27 5 4 24 60 63 57 5 71 45 70 62 79 44 59 49 4 24 57 5 70 62 33 40 37 63 3 34 13 19 4 24 59 49 33 20 18 42 46 74 72 57 5 75 73 29 47 80 43 4 24 60 63 2 22 71 45 57 5 70 62 79 41 59 49 4 24 57 5 70 62 34 76 3 19 46 74 68 3 11 25 59 4 33 
20 13 42 11 25 74 5 4 24 57 5 4 24 57 5 60 71 45 62 79 59 54 50 62 59 49 4 24 57 5 70 3 4 34 
13 49 20 19 46 11 42 25 74 5 4 24 57 5 56 6 4 24 60 57 5 71 45 22 70 62 79 41 4 24 59 49 70 57 5 4 3 34 
13 49 20 42 74 5 4 24 60 57 5 71 45 70 62 4 24 79 57 5 4 24 59 49 26 70 62 57 3 77 59 34 
13 19 20 24 42 15 46 74 57 5 4 24 60 63 71 45 57 5 62 79 4 24 59 49 33 20 60 70 62 34 76 57 59 54 68 45 50 62 78 3 59 34 
13 24 20 42 74 57 5 4 24 57 5 4 24 60 63 62 57 5 71 45 3 11 33 40 79 25 74 37 4 24 59 49 70 57 5 4 3 34 
13 20 49 19 42 46 5 4 24 57 5 4 24 60 71 45 57 5 70 62 79 59 49 4 24 57 70 81 17 34 
13 49 24 19 42 20 46 74 57 5 73 80 65 4 24 60 71 45 57 5 70 62 22 79 41 59 49 4 24 57 58 26 70 62 77 3 59 34 
24 13 20 19 42 46 74 57 5 73 4 24 80 57 5 4 24 60 71 45 57 5 62 79 59 49 4 24 57 5 34 76 70 68 45 3 4 34 
13 49 19 20 42 46 5 74 73 4 24 80 57 5 60 63 70 62 71 79 59 49 4 24 57 5 70 62 3 11 25 59 4 33 
20 13 11 42 25 74 73 80 5 60 63 71 45 62 79 59 49 4 24 33 20 60 70 57 3 34 
13 19 24 49 20 42 46 57 5 74 4 24 57 5 4 24 70 62 60 63 57 5 71 45 79 4 24 59 49 57 5 70 62 34 76 59 54 68 45 50 62 3 59 4 33 34 
20 13 11 42 25 74 5 73 80 4 24 60 71 45 57 5 62 79 59 49 4 24 70 62 57 5 59 54 4 3 50 34 
13 49 19 20 42 46 5 74 4 24 57 5 4 24 70 62 60 63 71 57 5 79 59 49 4 24 3 11 26 70 62 57 5 25 74 3 77 4 59 33 
20 19 13 46 42 74 72 29 56 5 6 60 71 63 62 79 59 49 4 24 57 5 4 24 57 5 70 62 3 4 59 33 
20 19 13 46 42 74 5 60 63 71 45 62 79 4 24 59 49 57 5 70 62 34 76 26 3 11 68 77 4 59 25 33 
19 20 13 42 46 11 5 25 74 4 24 57 5 60 62 71 45 79 59 49 4 24 57 5 34 76 3 11 70 62 26 25 74 68 45 3 4 77 59 34 
13 20 42 72 74 5 4 24 29 57 5 4 24 71 45 57 5 60 63 62 79 59 49 4 24 57 5 70 62 34 76 68 3 4 59 33 
20 19 13 42 46 74 5 75 43 15 4 24 60 63 57 71 5 62 79 59 49 4 24 57 5 4 24 57 5 70 62 4 0 14 5 78 3 11 4 59 25 33 
20 13 11 15 42 73 5 25 74 4 24 80 57 5 4 24 57 5 60 63 62 71 3 11 22 25 74 79 59 49 41 4 24 33 20 60 63 57 5 70 62 78 59 3 4 33 
20 19 13 42 46 74 5 4 24 57 5 4 24 60 63 71 45 57 5 62 79 59 49 4 24 34 76 57 5 70 62 68 3 59 4 33 
20 19 13 46 11 42 25 74 5 75 4 24 57 5 43 4 24 60 57 5 71 62 45 79 59 49 4 24 34 76 57 70 26 68 45 77 3 34 
13 49 24 19 20 42 46 11 73 25 80 57 5 4 24 57 5 60 70 62 71 45 79 59 49 4 24 57 5 70 62 4 59 34 
13 20 19 42 46 74 5 3 11 25 74 4 24 60 63 57 5 71 45 62 79 59 49 4 24 34 76 70 62 57 5 68 59 54 50 3 4 33 
20 19 13 42 46 74 5 4 24 60 63 57 5 62 71 45 22 79 41 59 49 4 24 70 62 34 76 57 5 33 40 59 54 68 45 26 37 4 77 50 3 34 
13 49 19 20 15 42 46 11 5 78 75 73 25 74 80 43 4 24 71 45 57 5 60 63 70 62 3 79 11 33 40 25 74 37 59 49 4 24 57 70 62 3 59 34 
13 24 20 42 57 5 75 4 24 57 5 43 71 45 60 63 62 79 4 24 59 49 57 5 4 24 57 5 70 62 59 54 50 62 4 59 33 34 
20 13 19 42 46 11 73 25 74 80 5 60 63 71 45 62 22 79 59 49 41 4 24 70 62 57 5 59 54 33 40 50 37 3 11 4 25 34 
13 49 20 42 11 25 74 5 60 71 45 70 62 22 79 41 59 49 4 24 57 5 4 24 70 62 57 34 76 26 59 54 68 45 3 50 62 77 59 34 
42 19 63 33 20 13 46 11 25 74 5 4 24 12 57 5 52 4 0 14 5 38 32 60 63 71 45 4 0 62 14 5 79 44 33 40 4 24 59 49 21 37 63 61 15 70 62 57 5 4 24 59 49 70 62 59 49 70 62 59 49 70 62 78 21 59 62 18 42 3 19 59 49 34 13 33 20 8 61 15 46 74 28 10 9 66 36 78 75 1 51 81 35 32 17 57 5 43 15 67 9 52 38 60 71 45 70 62 79 44 4 78 21 59 49 61 70 62 59 49 70 34 76 3 68 18 
42 19 49 20 13 46 74 5 4 24 57 5 52 38 71 45 60 63 70 62 59 54 79 44 50 62 59 49 4 70 62 59 49 70 62 34 76 68 33 40 3 59 37 18 
42 13 20 74 10 66 5 75 1 4 24 51 35 32 57 5 43 67 9 52 38 71 60 63 54 33 40 79 44 50 62 37 59 49 4 70 62 59 54 50 3 18 
42 20 19 13 46 74 66 5 75 35 4 24 57 5 43 4 0 14 5 60 71 62 59 54 79 44 50 49 4 24 57 5 4 70 62 59 49 70 62 3 59 18 
42 13 11 20 25 74 66 5 35 32 4 24 57 5 60 63 71 45 54 79 44 50 62 59 49 4 24 70 62 59 49 18 42 70 62 3 11 25 19 59 49 34 13 33 20 46 11 25 74 57 5 4 24 57 5 71 45 60 63 70 54 79 44 50 62 21 59 49 4 24 61 15 70 62 59 49 18 42 70 62 3 11 25 19 78 59 49 34 13 33 20 15 46 74 57 5 4 24 57 5 9 52 38 71 45 60 63 34 76 70 62 4 79 59 54 68 50 78 21 49 61 26 70 62 77 59 54 33 40 50 62 3 37 63 59 33 
20 42 13 74 10 5 4 24 1 51 57 5 67 52 38 71 45 60 62 79 4 44 59 49 34 13 71 70 62 59 54 50 62 3 59 18 
42 20 13 65 74 5 4 24 57 5 52 38 60 63 71 62 79 59 49 4 70 3 58 33 
20 49 42 13 65 74 66 75 35 5 43 69 31 71 60 70 62 79 44 59 49 4 58 26 70 77 3 18 
42 73 49 20 13 11 80 65 25 74 5 4 24 57 5 71 45 60 63 70 62 79 44 59 49 4 24 70 62 33 40 37 63 3 11 58 73 25 19 59 49 18 42 33 20 34 13 80 46 11 25 74 66 57 5 75 4 24 51 35 57 5 43 67 69 4 0 31 14 5 71 60 70 62 79 44 4 59 49 3 11 25 74 3 11 25 19 46 11 25 74 70 3 18 
42 49 20 13 74 5 4 24 12 57 5 28 60 63 71 70 62 79 44 59 49 70 62 59 49 4 70 62 33 40 37 3 59 18 
42 20 13 15 74 5 4 24 78 75 43 15 57 5 52 38 60 71 45 62 34 76 79 44 68 59 49 4 70 3 78 18 
42 49 20 13 11 15 25 74 66 78 75 35 5 43 15 71 60 63 70 62 79 44 4 59 49 3 11 25 19 46 11 70 62 25 74 26 33 40 59 54 77 78 50 3 37 18 
42 13 49 20 74 10 66 75 1 51 35 43 67 5 71 60 63 4 0 70 54 79 50 62 14 5 59 49 4 70 62 81 3 11 59 17 25 33 
20 42 13 11 25 74 10 66 5 75 1 4 24 51 35 57 5 43 15 67 60 71 62 79 44 4 78 21 59 49 61 15 70 62 3 78 59 18 
42 13 20 15 74 5 4 24 57 5 52 38 60 63 71 45 54 79 44 50 62 59 49 4 24 34 76 68 45 70 62 81 3 11 17 59 49 25 19 34 13 33 20 18 42 46 74 57 5 4 24 57 5 71 60 70 54 79 44 50 62 4 59 49 3 11 70 25 78 18 
42 19 49 13 20 46 74 5 66 4 24 35 57 5 71 60 63 70 62 79 4 24 57 5 4 24 59 49 57 5 70 62 4 59 3 11 25 33 
20 13 42 74 5 52 38 71 60 63 62 79 44 33 40 59 62 37 4 24 21 59 49 61 18 42 57 5 70 62 59 54 79 44 50 62 3 11 4 25 59 18 
42 13 20 11 25 74 5 75 4 24 57 5 43 15 52 38 71 60 63 62 79 59 54 50 49 78 21 4 61 70 62 59 49 70 62 26 77 3 11 25 59 33 
20 42 13 74 5 4 24 57 5 71 45 60 62 79 44 59 49 4 24 34 76 3 11 57 5 68 25 74 3 11 70 81 25 74 3 4 17 18 
42 19 49 13 20 46 11 10 25 74 66 5 1 4 24 35 57 5 71 45 60 63 70 62 79 59 49 4 24 70 62 57 5 26 33 40 77 37 3 4 59 34 
13 20 42 11 25 5 74 51 67 23 52 38 32 71 45 60 63 62 33 40 79 44 37 63 4 24 59 49 57 5 70 62 33 40 37 63 3 4 24 19 34 13 59 49 33 20 18 42 46 74 57 5 7 51 67 71 45 60 63 70 62 79 44 59 49 4 24 70 62 3 11 59 49 25 19 33 20 18 42 34 13 46 74 57 5 4 24 57 5 9 52 38 71 60 63 70 62 33 40 79 37 63 59 49 4 70 62 59 49 70 62 26 81 17 77 3 11 25 59 33 
42 20 13 11 25 74 66 5 4 24 51 35 32 57 5 67 9 52 38 32 71 45 60 63 62 79 44 4 24 59 49 18 42 70 62 3 11 21 25 19 59 49 73 33 20 34 13 61 15 80 46 11 57 5 25 74 4 24 57 5 9 52 38 60 63 71 70 62 79 44 59 49 4 24 70 62 57 5 33 40 59 54 78 4 37 3 11 25 50 18 
42 20 13 74 5 4 24 57 5 52 38 71 45 60 62 79 44 59 49 4 70 62 26 34 76 77 59 54 68 3 50 18 
42 49 20 13 74 5 4 24 57 5 52 38 71 45 60 63 70 62 79 44 59 49 4 24 3 11 18 42 25 74 34 76 57 5 70 62 26 68 77 4 79 59 54 3 11 50 25 33 
20 42 13 74 5 4 24 57 5 60 63 71 45 62 33 40 79 37 63 59 49 4 26 70 3 11 33 77 25 34 
13 49 63 42 33 20 74 5 75 4 24 57 43 5 71 60 4 0 70 54 79 44 14 5 50 62 59 49 4 24 57 70 62 3 11 25 59 18 
42 13 20 24 11 25 74 57 5 75 51 4 24 12 57 5 43 67 28 60 63 71 45 62 79 59 49 4 24 70 57 5 33 40 4 3 11 37 25 34 
13 42 49 20 74 66 5 75 4 24 35 32 57 5 43 71 45 60 63 70 62 79 44 4 24 59 49 3 11 70 62 25 74 26 77 3 19 59 49 18 42 33 20 34 13 46 74 57 5 9 66 4 24 51 35 67 57 5 71 45 60 63 70 62 79 44 59 4 49 70 62 34 76 3 11 33 40 25 68 37 59 18 
42 13 20 11 25 74 5 4 24 57 5 52 38 60 63 71 45 62 79 44 59 49 4 3 11 34 76 70 25 74 33 40 68 3 37 18 
42 49 20 13 74 5 51 4 24 57 5 67 52 38 60 63 71 45 70 62 79 44 59 49 4 24 3 70 11 62 57 5 25 74 59 54 4 24 21 3 11 34 13 50 25 19 49 18 42 33 20 61 15 46 74 57 5 4 24 57 5 71 60 70 62 79 44 59 49 4 24 70 62 57 3 78 59 18 
42 24 20 13 74 15 57 5 4 24 57 5 60 71 62 52 79 44 38 4 59 49 70 62 26 81 59 54 17 78 77 3 11 25 50 18 
42 49 20 13 15 74 5 78 4 24 57 5 71 60 4 0 70 62 79 44 14 5 59 49 4 70 62 3 59 18 
42 13 20 74 75 43 15 5 71 60 62 79 44 59 49 4 70 62 26 59 54 77 3 11 78 50 25 18 
42 20 13 74 5 4 24 57 5 60 71 4 0 62 14 79 5 44 4 59 49 70 62 26 77 3 11 25 59 18 
42 11 20 13 25 74 5 4 24 57 5 52 38 71 60 62 79 44 59 49 4 70 62 3 59 18 
42 20 74 13 5 4 24 57 5 52 38 60 62 71 79 44 59 49 4 24 70 62 3 57 59 18 
42 20 13 24 74 66 57 5 4 24 35 57 5 71 45 60 62 79 44 59 49 4 70 34 76 68 3 18 
42 49 20 13 74 66 5 4 24 35 57 5 60 71 45 70 62 79 44 4 59 49 70 81 34 17 3 18 
42 45 19 49 20 34 13 46 11 25 74 5 4 24 57 5 60 71 70 62 79 44 4 24 59 49 70 62 26 57 5 77 4 3 59 18 
42 13 20 74 5 4 24 57 5 52 38 60 71 62 79 44 4 59 49 70 26 77 3 11 25 18 
42 49 13 20 74 5 4 24 57 5 60 71 70 62 79 44 59 49 70 62 4 24 59 49 70 62 57 5 59 54 4 3 50 62 59 18 
42 13 20 11 25 74 5 4 24 57 5 71 60 79 44 62 4 24 59 49 70 62 57 5 26 4 77 3 59 18 
42 20 13 11 25 74 5 60 71 45 62 79 44 4 24 59 49 70 62 26 57 5 77 34 76 4 3 68 59 18 
42 13 20 11 25 74 5 4 24 57 5 60 63 71 62 79 44 59 49 4 70 62 26 59 54 77 33 40 3 11 25 50 37 18 
42 49 20 11 13 15 25 74 5 4 24 57 5 52 38 60 71 45 70 62 79 44 59 49 4 3 11 70 25 74 26 34 76 3 77 78 68 18 
42 19 49 20 13 15 46 74 5 4 24 57 5 71 60 63 70 62 33 40 79 44 37 63 4 24 59 49 70 62 57 5 26 33 40 77 4 37 78 3 11 25 59 18 
42 13 20 74 5 4 24 57 5 71 60 62 79 44 4 24 59 49 3 11 25 74 70 3 11 25 57 18 
42 49 13 24 20 11 25 74 57 5 75 4 24 43 15 57 5 60 63 71 45 70 62 79 44 59 49 4 24 70 62 18 42 26 59 54 78 21 77 65 3 19 57 5 50 49 33 20 34 13 61 46 74 4 24 57 5 4 24 57 5 52 38 60 71 45 70 62 79 44 4 24 57 5 4 24 59 49 70 58 26 57 34 76 77 68 3 18 
42 20 13 74 5 71 60 62 79 44 59 49 4 24 57 5 70 62 3 11 4 25 59 18 
42 20 13 74 5 71 60 62 79 44 59 49 4 24 3 11 25 74 57 5 70 62 4 3 11 25 59 18 
42 73 13 20 74 80 5 4 24 57 5 52 38 60 71 79 44 4 24 57 5 62 4 24 59 49 70 57 3 11 25 18 
42 49 20 13 11 24 25 74 57 5 4 24 57 5 71 45 60 70 62 79 59 49 4 24 57 5 70 62 26 3 11 77 4 25 59 34 
13 42 20 11 25 74 5 71 60 62 79 44 59 49 4 70 3 11 25 18 
42 49 20 13 11 25 74 5 71 60 63 70 62 79 59 49 4 24 70 62 57 5 4 59 3 33 
20 13 42 11 25 74 65 5 60 71 45 4 0 62 79 44 14 5 59 49 4 24 57 5 70 62 58 26 34 76 77 3 11 4 25 68 59 18 
42 20 11 13 25 74 5 4 24 57 5 71 60 62 79 44 59 49 4 24 57 5 70 62 26 3 11 59 54 4 77 25 50 18 
42 20 13 74 5 71 60 62 79 44 4 24 59 49 70 62 57 5 59 54 4 24 3 50 57 18 
42 20 13 24 74 57 5 71 60 63 62 79 59 49 4 24 26 70 62 57 5 77 3 11 4 25 59 33 
20 42 13 11 25 74 5 71 60 62 79 44 4 24 59 49 3 11 25 74 57 5 70 62 3 11 4 25 59 18 
42 11 20 13 25 74 5 4 24 57 5 71 45 60 63 62 79 44 4 24 59 49 70 62 57 5 34 76 4 24 3 19 68 45 18 42 59 49 33 20 34 13 46 74 57 5 4 24 57 5 71 45 60 63 70 62 79 44 59 49 4 24 33 20 60 63 70 62 57 5 26 33 40 77 65 3 4 11 24 37 63 25 19 59 49 18 42 33 20 34 13 46 74 57 5 71 60 70 62 79 44 4 24 59 49 3 11 25 74 70 62 57 5 58 26 4 77 3 11 25 59 18 
42 20 13 74 5 4 24 57 5 71 45 60 63 62 79 44 59 49 4 24 57 5 70 62 26 34 76 4 24 77 65 3 68 11 45 25 19 59 49 18 42 34 13 46 11 33 20 25 74 57 5 60 71 70 62 79 44 59 49 4 70 62 59 49 70 62 58 26 77 3 11 25 59 18 
42 13 20 74 5 4 24 57 5 71 60 63 62 79 44 4 24 59 49 70 62 57 5 26 33 40 59 54 4 37 50 3 62 77 59 18 
42 20 13 11 25 74 5 52 38 71 60 62 79 44 4 59 49 70 62 26 3 11 77 25 59 18 
42 13 20 74 5 71 45 60 63 62 79 44 59 49 4 24 70 34 76 33 40 3 11 68 37 25 57 18 
42 49 20 73 24 13 15 74 57 5 80 4 24 57 5 71 45 60 70 62 79 44 4 59 49 34 70 3 78 18 
42 45 49 20 34 13 11 25 74 5 4 24 57 5 71 45 60 63 70 62 34 76 79 44 68 59 49 4 24 33 20 60 63 70 57 5 33 40 3 11 37 4 25 18 
42 49 20 11 13 25 74 5 4 24 57 5 71 45 60 63 70 62 79 44 59 49 4 24 70 62 3 11 18 42 25 19 59 49 73 33 20 34 13 46 11 25 74 57 5 80 65 4 24 57 5 23 71 45 60 63 70 62 79 44 59 49 4 24 70 62 58 26 3 11 77 65 18 42 25 19 59 49 33 20 34 13 46 74 57 5 7 4 24 23 57 5 60 63 71 45 70 62 79 44 4 24 59 49 70 62 34 76 3 68 18 19 45 42 59 49 33 20 46 11 34 13 25 74 57 5 7 4 24 57 5 52 38 71 45 60 63 70 62 79 44 59 49 4 24 70 62 59 49 70 62 58 26 3 11 18 42 77 65 25 19 59 49 33 20 34 13 46 57 5 60 71 70 62 79 44 59 49 4 70 58 26 77 18 
42 19 49 73 20 13 46 11 25 74 80 65 5 4 24 57 5 71 45 60 70 62 79 44 59 49 4 24 70 62 34 76 58 26 59 54 68 3 77 50 18 57 
42 5 19 49 20 4 24 13 46 74 57 5 71 60 70 62 79 44 4 59 49 70 3 18 
42 21 19 49 73 20 13 61 46 11 80 65 25 74 5 4 24 57 5 71 45 60 63 70 62 79 44 4 59 49 33 20 60 70 58 26 34 76 68 77 3 18 
42 49 19 20 13 46 74 5 4 24 57 5 23 52 38 71 45 60 63 70 62 79 44 4 24 59 49 70 62 3 11 18 42 25 19 59 49 33 20 34 13 46 74 57 5 7 71 45 60 63 70 62 79 44 4 24 59 49 3 11 18 42 25 74 70 62 3 11 25 19 59 49 33 20 46 34 11 13 25 74 57 5 4 24 57 5 71 45 60 63 70 62 79 44 4 24 59 49 3 11 18 42 25 74 70 62 26 3 11 77 25 19 59 49 33 20 34 13 46 74 57 5 4 24 57 5 71 60 70 62 79 44 4 59 49 70 3 18 
42 19 49 13 20 46 74 5 4 24 57 5 23 71 45 60 63 70 62 79 44 59 49 4 24 3 11 18 42 25 74 26 70 62 34 76 3 11 77 65 57 5 68 45 25 19 59 49 34 13 33 20 4 24 46 74 57 5 7 4 24 57 5 60 71 70 62 79 44 59 49 4 58 26 70 77 3 18 
42 19 49 73 20 13 46 5 80 4 24 57 5 71 45 60 70 62 79 44 59 4 49 70 34 18 
42 45 11 25 19 49 20 46 11 34 13 25 74 5 4 24 57 5 71 60 70 62 79 44 59 49 4 70 62 3 59 18 
42 13 19 20 46 74 5 71 60 62 79 44 59 49 4 70 26 3 77 18 
42 19 49 73 20 13 46 74 80 5 4 24 57 5 71 60 70 62 79 44 59 49 4 70 18 3 
42 11 5 25 19 4 24 49 73 20 13 46 74 80 65 57 5 4 24 57 5 71 45 60 70 62 79 44 4 59 49 70 34 76 58 26 68 3 77 18 
42 49 20 13 74 5 71 60 63 70 62 79 44 59 49 4 24 70 62 26 59 54 33 40 77 3 11 50 37 25 57 18 
42 49 24 11 13 20 25 74 57 5 4 24 57 5 71 60 70 62 79 44 59 49 4 26 70 62 59 3 11 77 25 18 
42 62 5 59 49 20 13 4 24 74 57 5 4 24 57 5 60 71 70 62 79 44 4 59 49 70 3 18 
13 20 19 32 46 74 42 9 24 72 32 29 57 5 9 52 38 48 71 45 60 79 30 62 59 4 24 57 5 4 34 76 3 68 
13 19 20 42 10 15 66 72 46 74 78 75 3 11 1 12 35 25 74 29 47 5 43 28 69 31 4 24 71 45 60 79 57 5 62 59 2 54 22 50 62 59 41 4 24 3 11 25 57 5 4 34 
13 19 20 46 74 42 72 29 47 5 32 69 31 12 79 44 60 63 71 45 2 22 54 50 62 59 49 41 47 21 70 62 59 54 50 62 59 49 61 15 4 24 78 21 3 11 34 13 25 19 33 20 46 61 18 15 42 74 28 10 2 72 1 78 75 81 29 43 17 9 66 35 57 5 60 71 45 70 54 79 50 4 24 57 5 4 24 57 5 4 3 34 
13 19 20 46 5 42 4 24 81 17 52 57 5 38 79 60 63 71 45 4 24 57 5 4 24 57 33 34 
20 13 19 24 46 74 42 51 67 52 57 5 38 79 60 63 71 45 3 11 62 33 40 59 49 21 37 63 25 74 61 4 24 34 13 71 70 62 57 59 49 70 62 3 59 33 
20 19 13 64 24 46 10 74 42 27 56 72 1 57 5 29 47 4 24 57 5 79 6 48 71 45 60 63 62 2 22 30 59 21 41 4 24 61 34 13 71 57 5 4 3 33 
20 13 64 42 74 27 56 72 29 47 5 6 48 60 63 79 71 45 2 22 30 56 54 50 49 41 70 62 59 49 3 11 34 76 25 74 70 54 68 3 11 4 25 50 6 33 
20 13 10 42 74 15 72 78 75 51 1 12 29 47 67 52 43 5 28 38 71 45 4 24 79 60 63 2 22 57 5 62 59 54 50 41 4 3 33 34 
20 13 42 5 60 63 33 20 48 79 60 71 45 30 54 50 4 34 
13 20 19 46 74 42 71 45 5 34 13 71 45 60 63 79 62 59 21 4 24 61 3 11 25 74 34 76 57 5 68 4 3 33 
20 13 64 10 74 42 27 72 75 1 12 29 47 52 43 5 38 28 69 31 71 60 63 79 62 2 22 59 54 50 49 41 4 70 62 3 59 33 
20 13 11 42 25 74 66 35 5 48 71 45 60 79 62 30 59 4 24 57 34 76 3 11 68 45 25 74 3 34 
13 19 20 24 64 10 46 42 74 27 56 51 1 12 67 52 57 5 28 69 38 31 71 45 60 6 79 22 62 59 54 50 49 70 62 41 59 49 4 24 57 5 4 70 62 3 59 34 
13 20 42 74 10 72 75 1 12 29 47 43 15 5 71 45 60 63 79 44 62 2 22 59 49 70 62 4 24 59 49 41 47 57 5 4 24 57 5 70 62 59 54 50 49 34 13 4 24 3 19 33 20 46 18 42 28 10 78 75 1 43 52 57 5 38 71 45 48 60 79 2 22 30 70 54 50 62 59 62 41 59 54 50 49 4 24 57 5 4 24 57 5 70 4 34 
13 49 20 19 42 46 5 48 79 71 45 60 63 70 54 30 33 40 37 50 62 59 49 32 70 62 9 66 59 62 59 49 35 70 62 34 76 68 45 4 59 34 
13 73 20 64 19 80 65 71 46 45 74 42 72 27 56 34 13 32 81 29 47 23 17 5 9 7 23 79 6 48 7 71 45 30 60 62 2 22 59 4 24 41 57 5 58 26 3 11 77 4 25 34 
13 64 20 42 10 27 56 75 1 12 43 52 5 28 69 38 31 6 48 71 45 60 79 54 30 50 4 24 57 5 4 34 
13 20 19 46 42 5 69 31 79 71 45 60 62 59 49 4 24 57 5 4 70 62 59 34 
13 73 20 64 19 46 11 80 42 25 74 27 81 17 5 79 71 45 60 21 54 50 62 34 13 59 62 4 24 71 45 59 49 61 57 5 34 76 4 70 54 68 45 50 62 59 3 34 
13 19 20 42 46 74 75 52 5 43 38 3 11 79 71 25 74 60 63 62 33 40 37 63 59 4 24 57 5 4 3 33 
20 13 19 42 46 10 74 1 52 5 38 71 45 60 79 21 4 24 61 15 57 5 26 77 78 3 4 34 
13 20 42 72 29 5 71 60 63 79 62 59 4 24 57 5 4 33 
20 13 19 46 42 74 72 75 81 29 47 17 52 43 15 5 38 79 71 45 60 2 22 62 78 21 59 41 61 4 26 34 76 77 68 45 3 34 
13 20 42 10 75 1 43 52 5 38 79 60 71 45 54 50 62 59 4 34 
13 73 20 19 80 65 42 46 11 25 74 5 71 45 79 60 34 76 54 68 45 50 4 24 57 5 4 3 58 34 
13 19 20 42 46 74 3 19 46 74 5 71 45 60 79 22 62 3 11 59 4 24 41 25 74 57 5 4 24 57 5 4 3 34 
13 20 19 10 42 46 74 75 1 12 43 15 52 5 38 28 69 31 79 71 45 48 60 22 62 30 78 21 41 4 24 61 59 49 34 13 71 45 57 5 70 62 59 4 3 34 
13 20 11 42 25 74 72 29 47 5 79 71 45 48 60 62 2 22 30 59 54 50 49 41 4 24 70 62 57 5 59 3 11 4 25 34 
19 13 20 46 42 74 72 71 45 34 13 29 47 5 56 60 63 33 20 6 48 71 45 60 79 2 22 30 41 4 34 76 68 45 3 34 
13 20 65 42 74 5 71 45 48 60 79 30 22 41 4 24 57 5 4 24 58 26 34 76 57 5 77 3 68 45 4 34 
13 49 19 20 42 46 74 10 75 1 43 5 71 45 60 79 22 70 62 59 54 41 4 24 50 62 59 57 5 4 24 34 13 57 5 71 45 4 24 57 5 4 24 57 5 3 11 4 25 34 
13 20 64 42 74 10 27 56 72 1 12 29 5 28 69 31 79 6 48 71 60 63 62 59 54 30 50 4 24 57 5 4 3 33 
20 19 13 73 46 42 80 74 65 5 71 45 4 24 79 44 60 63 57 5 22 62 59 54 50 62 34 13 41 59 49 71 45 4 24 57 5 4 24 34 13 64 33 20 3 19 18 42 46 74 27 56 51 81 67 17 52 57 5 69 38 31 71 45 60 63 79 44 33 40 70 54 37 63 50 62 59 49 4 24 70 62 59 49 34 76 57 5 68 45 4 24 3 34 13 58 19 73 33 20 46 18 42 74 80 57 5 79 6 48 71 45 60 30 70 62 59 34 13 71 45 4 24 57 5 4 24 57 5 3 11 4 25 34 
13 20 64 42 74 27 56 72 75 29 47 52 43 15 5 69 38 32 60 63 31 12 33 20 71 45 60 63 79 44 62 59 49 4 24 34 76 3 68 45 19 6 64 34 13 73 33 20 18 80 42 46 11 25 74 28 10 27 78 75 1 81 43 17 9 52 57 5 38 71 45 60 79 70 62 2 22 41 59 4 24 57 5 4 3 34 
13 19 20 42 46 74 73 80 65 5 71 45 60 63 79 44 62 22 33 40 59 54 21 37 63 41 66 4 24 50 62 23 59 49 61 15 35 57 5 4 24 57 5 4 24 58 26 77 65 34 13 3 58 19 73 33 20 7 80 18 42 46 74 78 75 43 15 57 5 4 0 14 5 60 63 33 20 71 45 60 79 70 62 59 54 50 62 59 49 78 21 4 3 11 61 25 70 62 59 49 70 62 59 34 
13 49 19 20 46 42 10 74 66 71 45 75 34 13 35 32 1 12 81 43 15 17 55 9 52 5 38 32 60 63 33 20 71 45 60 63 79 44 70 54 78 21 50 49 4 24 61 15 70 62 78 3 11 59 49 25 19 34 13 33 20 15 18 42 46 74 28 10 72 78 75 1 29 53 81 43 17 9 52 57 5 38 71 45 79 60 70 62 59 49 4 24 57 5 70 62 4 34 76 68 45 3 59 34 
13 20 74 42 10 66 1 5 35 32 4 24 9 52 57 5 38 4 0 14 5 79 71 45 60 34 13 62 71 45 59 4 34 76 68 45 3 34 
13 20 19 42 46 11 25 74 3 11 25 74 73 80 65 52 5 38 3 19 79 71 45 46 60 74 62 59 54 50 62 59 49 4 24 57 5 34 76 70 62 4 68 45 59 3 11 25 58 34 
13 20 42 74 72 29 5 71 45 79 60 62 59 54 50 49 70 62 59 49 4 24 57 70 62 59 54 50 3 34 
13 20 24 15 42 10 74 78 75 1 12 43 57 5 28 48 71 45 79 60 62 30 59 54 50 62 59 49 4 70 3 34 
13 49 19 20 42 46 74 71 45 72 34 13 29 52 5 38 71 45 48 60 79 30 70 62 59 54 4 24 57 5 50 49 70 62 4 24 59 49 70 62 57 3 11 59 25 34 
13 24 20 11 42 25 74 72 75 29 43 57 5 71 45 79 60 4 3 34 
13 20 42 74 71 45 72 34 13 29 47 5 71 45 60 63 79 2 22 33 40 62 59 49 37 21 41 4 24 61 34 76 70 57 68 45 3 34 
13 49 73 24 19 20 80 42 46 71 45 72 34 13 29 47 57 5 52 38 71 45 60 2 22 79 70 54 41 50 49 70 62 59 49 34 13 71 45 4 34 76 70 68 
13 19 49 20 46 42 74 52 5 38 79 60 71 45 70 62 59 4 24 57 5 4 24 57 3 34 
13 73 24 20 19 80 65 46 42 74 57 5 69 31 71 45 60 22 79 62 59 49 41 4 24 57 70 3 58 34 
13 24 49 20 11 42 57 5 25 74 71 45 4 24 34 13 57 5 71 45 4 24 60 79 57 5 4 24 57 5 4 24 57 5 4 24 34 76 70 62 68 45 57 5 59 54 3 50 4 34 
13 20 11 42 25 74 52 5 38 71 45 60 79 62 59 54 50 49 4 24 57 5 4 70 3 34 
13 73 49 20 19 80 42 46 74 71 45 60 79 22 70 62 59 49 41 70 54 50 62 59 49 70 62 59 3 34 
13 19 20 24 46 42 74 71 45 72 34 13 29 52 57 5 38 60 63 33 20 71 45 48 60 79 30 3 11 25 74 4 24 57 5 4 24 57 5 3 11 54 4 25 50 34 
13 49 20 42 74 66 72 75 35 32 29 47 43 81 17 9 52 5 38 71 45 60 63 79 44 70 62 59 49 4 24 57 5 4 24 70 62 57 5 3 34 13 19 64 4 24 59 33 20 46 11 18 42 25 74 27 56 2 72 29 47 57 5 6 48 71 45 60 79 2 22 30 41 4 24 57 5 4 34 76 3 68 45 34 
13 20 19 42 46 52 5 38 71 45 79 60 54 50 49 21 70 62 4 24 61 15 59 49 57 5 4 24 78 57 70 34 
13 20 11 42 24 25 74 71 45 56 72 34 13 29 47 57 5 6 48 79 71 45 60 62 30 2 22 41 4 24 57 5 59 49 70 62 59 3 4 34 
13 19 20 46 42 74 71 45 72 34 13 29 47 5 4 0 14 5 71 45 60 79 2 22 54 50 62 41 59 49 4 24 57 70 62 59 54 3 50 34 
13 20 24 42 74 71 45 34 13 12 57 5 4 28 0 14 5 71 45 60 79 62 59 4 24 3 57 34 
13 42 24 11 20 71 45 25 19 72 75 34 13 29 46 11 25 74 43 57 5 60 63 33 20 60 63 71 45 79 44 62 33 40 59 54 37 50 62 4 24 59 49 34 76 57 5 70 54 3 11 50 25 19 68 4 46 18 
42 74 20 72 13 29 5 79 71 60 63 62 59 49 4 24 70 62 57 3 11 25 59 33 
20 24 42 74 56 13 57 5 71 45 60 63 79 44 62 4 24 59 49 57 5 70 62 3 59 49 19 33 20 34 13 4 24 46 18 42 74 71 45 72 57 5 34 13 4 24 29 47 57 5 6 48 71 45 60 63 79 44 70 62 2 22 30 59 54 41 47 34 13 50 62 4 24 59 49 71 45 57 5 70 54 21 3 19 33 4 20 24 50 49 34 13 18 42 61 71 45 46 74 34 13 57 60 71 45 79 2 22 70 54 50 62 41 59 62 59 3 11 25 34 
13 20 74 42 24 71 45 34 13 57 5 60 63 71 45 79 54 33 40 37 63 50 62 4 24 57 5 59 49 4 24 57 5 34 76 70 62 59 54 3 11 50 68 25 4 33 
20 42 74 13 5 71 45 60 63 79 62 4 24 59 49 33 20 60 57 70 3 34 
13 49 24 20 42 74 71 45 34 13 57 5 79 44 71 45 60 63 70 62 59 49 4 24 57 5 70 62 3 19 59 49 33 20 34 13 4 24 18 46 42 11 71 45 25 74 72 34 13 29 47 57 5 71 60 63 79 2 22 70 62 41 59 4 24 57 5 3 4 33 
20 42 11 25 74 13 5 60 4 71 45 79 34 76 62 3 11 68 45 25 59 34 
13 20 42 15 74 71 45 72 34 13 78 75 29 12 43 5 28 69 31 71 45 60 79 62 59 49 70 62 4 24 34 13 59 49 71 45 57 70 62 59 49 70 62 59 54 50 62 59 49 70 3 11 25 34 
19 13 49 20 24 46 11 42 25 74 71 45 34 13 57 5 48 71 45 79 60 30 4 24 57 70 62 3 11 25 59 34 
13 24 42 20 74 71 45 72 34 13 29 47 57 5 48 71 45 60 79 63 2 22 34 76 30 54 68 45 50 62 59 49 41 4 24 57 34 76 70 62 3 11 25 68 59 33 
20 42 24 74 72 13 29 57 5 71 60 63 79 62 59 49 4 70 62 3 59 33 
20 42 74 72 65 13 29 58 73 80 5 71 60 63 79 62 33 40 37 59 63 49 4 24 57 5 4 24 3 70 62 57 5 59 4 33 
20 49 42 74 13 5 60 63 71 45 79 70 62 4 24 59 49 57 5 3 11 70 62 34 76 25 68 4 59 33 
20 42 74 13 5 71 60 63 62 79 59 54 50 62 4 24 57 5 59 49 4 24 57 5 4 24 57 5 70 62 3 11 4 25 59 33 
20 74 42 72 75 13 29 47 43 15 52 5 38 32 60 63 71 45 79 44 62 59 49 4 24 57 5 70 62 4 24 57 5 3 11 59 49 25 19 4 24 33 20 46 11 18 42 25 74 34 13 71 45 34 13 9 52 57 5 38 32 60 63 79 44 71 45 70 62 59 54 50 62 4 24 59 49 57 5 4 24 34 76 57 5 3 11 70 54 68 45 64 25 19 50 49 4 24 33 20 18 42 46 74 27 56 2 72 34 13 29 47 71 45 34 13 9 52 57 5 38 32 6 48 71 45 60 63 79 44 30 56 2 22 70 62 41 4 24 59 49 57 5 4 24 57 5 4 24 70 54 3 11 78 21 25 50 19 49 33 20 46 18 42 61 74 34 13 9 52 57 5 60 38 63 33 20 60 63 71 45 79 44 70 62 59 49 4 24 57 5 34 76 70 62 33 40 3 11 6 37 25 68 59 4 18 
42 20 74 13 81 12 17 52 5 38 60 63 71 45 79 44 62 22 59 54 41 50 62 59 49 4 24 57 5 4 24 3 11 25 19 33 20 46 18 42 74 34 13 28 57 5 60 63 79 71 70 62 59 49 70 62 59 49 4 24 57 5 4 70 62 3 59 33 
20 19 42 15 46 74 72 13 29 5 71 60 63 79 62 59 49 4 24 57 5 33 40 78 70 62 3 37 63 59 4 33 
20 42 74 23 13 5 7 66 4 24 71 45 60 63 79 57 5 35 62 4 59 49 34 76 70 62 59 3 54 11 68 25 50 33 
20 42 56 74 75 13 43 15 5 6 48 79 44 71 60 45 63 66 22 30 56 54 50 35 49 41 47 70 62 59 4 49 24 57 5 4 24 70 62 59 54 50 62 3 19 59 49 33 20 46 18 11 42 25 74 2 72 78 75 34 13 23 29 47 71 45 34 13 43 15 57 5 6 48 71 45 60 63 79 30 2 22 70 62 41 7 59 49 4 34 13 71 70 62 78 3 59 33 
20 42 74 13 23 52 5 38 32 9 66 60 63 71 45 79 7 54 35 50 62 59 49 4 24 57 5 4 24 57 5 4 34 76 70 62 59 3 11 68 25 33 
20 49 42 74 72 13 29 47 23 5 48 71 79 44 60 2 22 70 62 30 41 59 49 4 70 62 3 11 25 59 7 18 
42 20 74 13 5 52 38 60 63 71 79 62 59 54 50 49 70 62 4 24 59 49 57 5 33 40 37 63 3 11 70 54 4 50 62 25 59 33 
20 42 74 13 5 71 3 11 60 63 79 62 25 74 59 49 4 24 57 3 11 70 62 25 59 33 
20 24 11 42 25 74 13 57 5 48 60 71 63 79 62 33 22 40 30 37 63 41 59 49 4 70 62 3 59 54 50 33 
20 42 74 13 5 60 63 71 79 62 59 49 4 70 62 3 11 25 59 33 
20 42 74 72 13 29 5 60 63 71 79 62 59 49 4 24 57 5 70 62 3 11 4 59 25 33 
20 42 74 13 5 4 24 60 63 79 71 45 57 5 62 59 49 4 24 57 34 76 70 62 68 3 11 25 59 33 
20 24 42 74 72 13 29 47 57 5 48 26 77 30 60 63 71 45 79 2 22 62 59 54 41 50 62 4 24 59 49 34 76 57 70 68 3 11 25 33 
20 49 24 42 74 13 57 5 71 45 3 11 60 63 25 74 79 70 62 59 49 4 24 57 5 4 34 70 76 62 68 3 11 25 59 33 
20 42 74 13 5 60 63 71 79 22 41 4 24 57 5 4 24 57 5 62 3 11 25 4 59 33 
20 42 74 72 13 29 5 26 77 60 63 71 79 62 59 54 50 62 59 49 4 24 57 70 62 3 11 25 59 33 
20 24 11 42 25 74 13 57 5 26 77 71 79 60 63 62 59 49 4 24 57 5 70 62 3 11 59 25 4 33 
20 42 15 74 13 5 60 71 63 45 79 44 54 50 62 4 24 59 49 70 62 33 40 3 37 63 19 59 49 33 20 18 42 46 74 72 78 34 75 13 29 71 45 34 13 43 57 5 48 60 63 71 45 79 70 62 30 56 59 49 4 24 34 76 70 54 57 3 11 25 68 6 50 33 
20 42 24 74 13 57 5 60 63 79 71 62 59 54 50 62 59 49 4 24 33 20 60 63 70 62 57 5 59 54 3 11 25 50 4 33 
24 20 42 74 13 57 5 60 63 71 45 79 44 62 59 54 50 62 4 24 59 49 70 62 57 5 34 76 21 3 11 59 54 25 19 50 62 68 45 4 24 59 49 33 20 18 42 46 61 74 75 34 13 71 45 43 15 34 13 57 5 56 60 63 79 71 70 62 59 49 4 24 57 5 4 24 70 62 57 3 11 78 25 59 6 33 
20 24 42 56 72 74 13 29 47 57 5 6 48 60 63 30 56 71 79 2 22 62 41 59 4 24 57 5 3 6 4 33 
20 42 74 13 5 81 71 45 17 60 63 79 62 59 54 50 62 59 4 49 24 57 5 4 24 33 40 70 57 62 34 76 3 11 37 63 25 68 59 33 
20 24 42 74 72 13 29 57 5 60 63 79 71 62 59 49 4 24 33 40 57 5 70 62 3 11 37 63 4 25 59 33 
20 42 74 13 5 3 11 71 45 60 63 25 74 79 62 59 62 59 49 4 24 34 13 71 45 34 76 70 57 5 68 3 11 25 4 33 
20 13 42 66 74 56 72 5 51 4 24 35 32 57 5 67 23 29 6 48 9 52 30 79 38 7 8 4 24 36 3 11 60 63 57 5 25 74 71 54 50 4 24 57 5 4 3 33 
20 13 74 42 3 11 25 74 5 52 38 4 0 79 14 5 62 4 24 59 60 63 22 57 5 71 41 4 3 33 
20 81 13 42 74 17 5 4 24 57 5 52 38 62 79 8 4 24 59 49 36 73 22 60 63 80 71 70 54 57 5 50 62 4 24 59 49 41 57 5 4 70 62 59 3 33 
20 64 13 19 42 46 74 27 51 67 23 5 52 4 0 79 38 7 8 14 5 62 4 24 59 49 57 5 36 22 60 63 71 70 62 59 41 4 3 33 
20 64 42 13 27 5 52 4 0 38 79 8 14 5 62 60 63 59 49 36 73 22 80 71 45 41 4 34 76 68 70 62 59 33 
20 13 42 66 5 72 4 24 35 29 47 57 5 4 0 79 14 60 63 24 54 50 49 57 5 73 2 22 80 71 70 62 59 41 11 4 24 25 74 3 19 57 5 46 74 4 3 33 
11 20 64 25 19 13 46 42 27 56 5 51 4 24 67 57 5 62 59 54 50 62 79 6 59 54 50 62 4 24 59 49 22 57 5 60 63 71 70 62 59 49 41 4 24 57 5 4 70 62 59 33 
20 13 66 42 72 51 35 32 29 47 67 23 5 62 79 44 4 0 59 54 14 5 4 24 11 50 49 60 57 63 5 25 19 46 74 70 62 71 45 59 49 4 24 3 19 46 11 25 74 57 5 4 24 33 20 34 13 18 42 9 66 2 72 7 51 35 29 67 23 57 5 79 7 70 8 62 60 63 4 24 33 20 36 59 49 57 5 60 63 71 4 24 57 5 4 70 62 59 3 33 
20 11 13 42 15 25 74 72 78 29 75 5 4 0 43 48 79 60 63 14 5 62 4 24 59 54 30 50 62 59 49 57 5 71 45 70 62 59 54 50 62 59 49 4 24 57 5 4 24 57 5 70 4 54 34 76 50 62 59 3 68 33 
20 11 13 25 19 42 66 46 74 72 75 35 29 5 43 15 79 8 62 4 24 60 63 36 33 20 59 49 57 5 60 63 71 4 24 57 5 3 11 25 74 4 70 62 59 3 78 33 
20 19 13 42 46 5 79 8 62 4 24 59 49 36 57 5 60 63 71 70 62 59 49 4 70 62 59 33 
20 19 13 46 11 42 66 25 74 72 51 35 29 67 75 5 43 4 0 79 14 5 4 24 57 5 60 63 71 4 24 62 59 49 57 5 4 0 14 70 62 59 3 33 
20 11 13 25 74 42 5 4 24 57 5 52 38 4 0 79 14 62 24 60 63 59 54 57 5 50 71 45 4 24 57 5 4 34 76 3 68 33 
20 19 46 11 13 42 25 74 15 5 4 24 78 12 75 57 5 43 15 28 4 0 79 14 5 4 24 57 5 60 63 22 71 62 33 40 59 54 41 50 37 63 4 24 57 5 4 24 57 5 4 3 78 33 
20 19 13 42 15 46 74 78 75 5 43 15 4 0 79 44 62 14 24 59 49 60 63 57 5 70 62 71 45 59 62 59 49 4 24 34 76 68 45 78 21 33 20 3 19 34 13 46 11 25 74 18 42 61 15 57 5 52 38 79 4 24 73 57 5 60 63 80 71 70 54 33 40 50 62 37 63 59 4 24 57 5 33 40 37 63 3 78 4 33 
20 13 19 42 46 74 5 72 4 24 75 29 47 23 57 5 52 43 4 0 38 62 79 7 14 5 4 24 59 49 2 22 73 57 5 60 63 71 70 62 80 59 49 4 24 41 57 5 4 70 62 59 3 11 25 33 
20 11 13 42 25 74 5 52 79 38 8 4 24 62 36 59 49 60 63 57 5 70 71 45 62 59 4 24 57 5 34 76 68 4 3 33 
20 13 19 5 46 42 74 4 24 57 5 79 62 60 4 63 24 59 49 70 62 71 57 5 59 4 49 70 62 3 59 33 
20 13 19 42 5 46 74 4 24 57 5 79 44 4 24 57 5 60 63 71 45 62 59 49 4 24 57 5 4 24 57 5 70 62 59 49 4 24 3 11 21 34 13 33 20 57 5 25 19 18 42 46 11 61 25 74 72 4 24 29 57 5 52 38 79 70 62 4 24 59 57 5 60 63 71 33 40 37 63 4 24 57 5 4 24 57 5 3 4 24 57 33 
20 13 74 42 24 57 5 52 38 79 4 24 73 57 5 60 63 80 71 62 4 24 59 57 5 69 4 31 3 33 
20 13 5 19 42 46 74 4 24 57 5 4 24 52 57 5 38 79 54 60 63 4 24 73 50 49 57 5 80 71 70 33 54 40 50 62 37 63 59 49 4 24 57 5 70 62 4 59 54 50 3 33 
20 5 13 74 42 4 24 52 57 5 38 79 62 60 63 59 54 4 24 50 49 33 20 73 60 63 22 80 70 62 71 45 57 5 41 59 4 24 57 5 4 34 76 3 68 33 
20 13 19 46 11 42 25 74 5 79 62 4 24 60 63 59 49 22 57 5 70 62 71 45 4 24 59 49 41 57 5 4 24 57 5 70 34 54 76 50 62 4 59 68 3 33 
20 19 13 5 42 46 4 24 57 5 52 38 79 62 4 24 59 49 73 60 63 57 5 80 71 70 62 59 49 4 24 70 62 59 57 33 
20 19 13 42 46 74 56 72 24 29 57 5 52 79 38 60 63 62 59 54 50 49 71 45 70 62 59 4 24 57 5 4 24 34 76 57 5 68 4 3 33 6 
20 64 19 13 46 11 5 42 72 27 56 25 74 4 24 75 29 57 5 6 48 43 30 79 62 4 24 60 63 59 49 57 5 71 70 62 59 3 11 25 4 24 11 25 74 57 3 33 
20 64 13 74 42 27 24 75 43 52 57 5 38 79 4 24 22 57 5 60 63 71 45 62 41 59 49 4 24 57 34 76 70 62 59 62 3 68 59 33 
20 19 13 46 74 42 24 57 5 52 38 4 0 62 79 14 5 4 24 59 49 60 63 57 5 70 62 71 59 4 33 20 60 63 3 33 
20 13 11 42 25 66 5 4 24 75 35 57 5 43 62 79 4 24 59 49 57 5 60 63 71 70 62 59 4 24 57 5 4 33 
20 19 13 46 11 42 25 74 5 4 24 57 5 4 0 79 14 5 4 24 54 60 63 50 49 57 5 71 70 54 50 62 59 49 4 24 57 5 4 24 57 5 4 24 70 62 57 5 4 59 3 33 
20 19 13 42 46 74 5 56 62 59 79 6 62 4 24 60 63 59 49 57 5 22 70 62 71 41 59 49 4 24 57 5 4 24 57 5 4 70 62 59 3 33 
20 13 19 42 5 46 72 74 4 24 75 57 5 29 47 43 52 38 79 56 4 24 60 63 57 5 2 71 22 41 69 4 24 3 11 57 31 25 6 33 
20 13 74 42 72 24 75 57 5 29 47 43 79 62 4 24 59 49 60 57 63 5 2 22 71 70 54 33 40 37 63 50 62 4 24 59 49 41 57 5 4 70 62 59 3 33 
20 13 42 74 5 4 24 75 57 5 43 52 38 79 62 4 24 59 49 57 60 5 63 71 70 62 59 4 3 33 
20 13 42 74 72 75 29 5 43 52 62 38 79 59 54 50 62 4 24 59 49 60 63 57 5 70 62 71 59 4 24 57 5 4 24 69 3 11 31 25 57 33 
20 13 74 42 24 57 5 79 4 24 57 5 60 63 22 71 41 4 24 57 5 4 24 57 5 4 3 33 
20 13 11 42 56 25 74 23 5 52 16 62 39 38 32 79 44 4 24 60 63 59 49 57 5 70 62 71 45 59 49 4 24 57 5 4 24 34 13 33 20 57 5 18 42 72 29 7 9 52 79 44 38 70 62 4 24 59 49 57 5 60 63 71 45 4 24 57 5 4 24 57 5 4 24 57 5 70 62 59 49 3 11 25 19 4 24 34 33 13 20 6 57 5 46 74 18 42 56 4 24 57 5 70 54 79 50 62 6 48 4 24 30 59 49 57 5 60 63 71 70 62 59 54 50 4 24 57 3 11 25 33 
19 20 13 46 11 42 25 74 72 24 29 57 5 52 56 38 79 54 50 4 24 49 73 57 5 60 63 70 62 71 80 59 4 24 57 5 4 3 11 6 25 33 
20 13 42 74 72 56 29 47 5 6 48 62 79 4 24 30 3 11 59 57 60 5 63 2 22 71 25 41 4 24 57 5 4 33 
20 19 13 46 74 42 72 5 4 24 29 47 57 5 52 38 79 62 59 4 49 24 57 5 60 63 71 2 22 70 62 41 59 4 24 57 5 4 3 33 
20 13 19 42 46 74 5 4 24 57 5 52 38 79 62 4 24 59 57 5 60 63 22 71 45 41 4 24 57 5 4 24 57 5 34 76 3 11 68 25 4 33 
20 13 5 42 11 25 74 4 24 57 5 79 60 63 62 4 24 33 20 59 49 57 5 70 62 60 63 71 33 40 59 37 63 4 24 57 5 3 19 4 46 33 
20 13 11 42 5 25 74 4 24 75 57 5 43 79 62 4 24 59 49 57 5 60 63 70 62 71 59 4 24 57 5 4 3 33 
20 13 11 42 25 74 5 75 4 24 57 5 43 62 59 49 79 70 62 4 24 60 63 59 54 50 49 57 5 22 70 71 62 45 41 59 49 4 24 70 54 50 62 34 76 59 3 68 57 33 
20 13 74 42 24 57 5 62 79 59 49 4 24 60 63 57 5 70 62 22 71 45 59 54 33 40 50 37 41 63 4 24 57 5 4 24 34 57 76 5 69 68 4 3 31 33 
20 19 13 46 42 74 5 75 4 24 57 5 43 15 62 59 49 79 4 24 60 63 57 5 22 71 41 4 24 57 5 69 70 62 4 59 3 78 31 33 
20 5 13 74 42 4 24 57 5 23 16 39 7 79 62 4 24 59 54 57 60 5 63 71 50 4 24 57 5 4 3 33 
20 13 19 46 42 5 74 75 4 24 43 16 57 5 39 62 59 54 79 50 49 70 62 4 24 60 63 59 49 57 5 71 70 62 33 40 59 37 63 4 24 57 5 3 11 25 4 33 
20 13 11 25 19 42 5 46 74 4 24 57 5 16 52 62 79 39 38 59 54 60 63 4 24 50 33 49 20 57 5 60 63 71 70 54 33 40 50 62 37 63 59 49 4 24 57 33 40 70 62 37 63 3 59 33 
20 19 13 46 42 74 72 75 24 29 43 15 57 5 62 79 4 24 59 49 57 5 60 63 70 62 71 45 59 4 24 57 5 3 11 25 74 4 78 3 33 34 
20 13 42 74 5 54 50 62 79 44 4 24 59 3 49 11 57 5 60 63 25 74 71 45 70 62 59 4 24 57 5 4 24 3 11 25 19 34 13 33 20 18 42 46 74 57 5 4 24 75 57 5 43 52 38 79 4 24 60 63 57 5 71 45 4 34 76 68 3 11 25 33 
20 13 74 42 5 4 24 75 43 57 5 79 62 4 24 60 63 57 5 59 49 71 70 62 59 49 4 24 57 5 70 62 4 3 11 25 59 33 
20 13 74 42 5 4 24 57 5 79 44 62 4 24 59 49 57 5 60 63 71 45 33 40 37 63 4 24 57 5 34 70 76 62 3 11 59 49 4 24 68 45 33 20 34 13 25 19 18 42 46 74 57 5 4 24 57 5 79 4 24 57 5 60 63 71 70 62 59 4 24 57 5 4 3 33 
20 13 42 74 5 4 24 57 5 52 38 79 4 24 57 5 60 63 71 62 59 4 24 57 5 4 3 11 25 33 
20 13 42 74 5 75 23 43 15 62 59 54 48 79 44 50 49 4 24 60 63 30 56 57 5 71 45 22 70 62 59 49 41 47 4 24 57 5 70 62 59 49 3 19 4 24 34 13 33 20 18 42 46 57 5 74 7 23 70 54 6 32 79 44 50 62 4 24 59 49 60 63 57 5 2 22 71 45 4 24 41 47 57 5 4 24 57 5 4 24 3 11 25 19 34 13 33 20 46 74 18 42 57 5 7 4 24 23 57 5 9 52 79 44 38 4 24 60 63 57 5 71 45 4 24 57 5 4 24 70 62 34 76 59 49 3 11 68 45 25 19 34 13 33 20 46 18 42 74 57 5 70 62 59 54 50 79 44 62 59 49 4 24 57 5 2 22 60 63 71 45 70 62 59 49 41 47 4 24 3 11 34 33 13 20 25 19 18 42 46 57 5 74 7 4 24 57 5 70 54 79 50 62 4 24 60 63 59 49 57 5 2 22 71 70 54 50 62 59 49 41 4 24 57 5 4 24 57 5 4 24 57 5 70 62 4 3 59 78 33 
20 13 74 42 5 4 24 57 5 79 62 4 24 59 49 22 60 63 57 5 71 70 62 41 59 49 4 24 57 5 4 24 57 5 4 3 70 62 59 33 
20 13 74 42 5 79 62 4 60 24 63 59 49 33 20 57 5 60 63 71 70 62 59 4 24 57 5 4 3 33 
20 13 74 42 5 54 50 49 52 79 38 60 63 4 24 57 5 71 70 62 59 4 24 57 5 26 77 3 4 33 
20 13 42 5 74 4 24 57 5 23 52 79 7 38 62 4 24 59 49 57 5 60 63 70 62 71 33 40 37 63 59 4 24 57 5 3 11 4 25 33 
20 13 42 11 25 74 56 5 75 4 24 57 5 43 62 59 54 50 62 6 48 79 4 24 59 49 30 60 63 57 5 71 70 54 50 62 59 4 24 57 5 4 3 33 
20 13 74 42 5 79 60 63 4 24 33 20 57 5 60 63 62 71 45 59 49 4 24 57 5 4 24 70 62 57 5 34 76 3 11 59 4 68 25 33 
20 13 11 25 42 74 5 79 4 24 60 63 57 5 71 62 59 4 24 57 5 4 3 33 
20 13 42 72 74 5 75 29 43 62 59 54 79 48 50 62 4 24 3 11 30 60 63 57 5 25 74 71 45 33 40 37 63 59 49 4 24 57 5 4 24 57 5 70 62 34 76 4 3 11 59 25 68 33 
20 13 42 5 74 79 4 24 57 60 5 63 71 4 24 57 5 4 3 33 
20 13 5 42 74 79 4 24 57 5 60 63 71 4 24 57 5 4 3 11 25 33 
20 13 42 74 5 75 23 43 15 62 79 44 4 24 60 63 22 57 5 71 45 59 49 41 47 4 24 34 76 3 11 78 21 68 45 25 19 34 13 33 20 46 11 18 42 57 5 25 74 61 75 43 48 70 62 79 44 59 49 4 24 30 70 62 2 22 60 63 57 5 71 45 59 49 41 4 24 33 20 60 63 57 5 70 62 4 24 59 49 34 13 3 33 20 19 57 5 18 42 46 74 7 16 52 39 38 79 4 24 57 5 60 63 71 4 24 57 5 4 70 62 3 11 59 25 33 
20 13 11 5 42 25 74 52 79 62 38 59 49 4 24 60 63 57 5 70 62 71 59 49 4 24 57 5 70 62 3 19 4 59 46 33 
20 74 13 42 5 23 62 59 49 79 44 4 24 57 5 60 63 71 45 4 24 57 5 4 24 57 5 3 19 4 24 34 13 33 20 46 74 18 42 57 5 7 70 62 59 49 70 62 79 59 49 4 24 60 57 63 5 71 45 4 24 57 5 4 33 20 60 63 34 76 70 62 3 19 68 59 46 74 3 33 
20 19 13 42 46 74 5 56 54 50 62 6 59 48 49 79 70 62 4 24 59 49 30 22 60 63 57 5 71 70 62 59 41 4 24 57 5 4 3 33 
20 13 19 42 46 74 5 56 54 6 56 79 50 62 4 24 22 60 63 57 5 71 59 49 41 4 24 57 5 4 3 33 40 70 62 37 63 59 6 33 
20 13 74 42 5 56 54 50 62 6 79 4 24 59 49 22 60 70 63 62 57 5 71 45 59 41 4 24 81 57 5 17 34 76 4 24 68 57 3 33 
20 13 42 74 75 43 62 59 49 79 44 24 60 63 57 5 71 45 4 24 57 5 4 24 70 62 33 40 59 49 3 11 37 63 33 20 34 13 18 25 42 74 57 5 70 62 59 79 4 24 60 63 57 5 22 71 41 4 24 33 20 60 63 57 5 4 3 33 
20 13 74 42 5 54 50 62 79 4 24 59 49 60 63 57 5 71 4 70 62 3 59 33 
20 19 13 46 42 74 5 62 59 49 70 62 79 59 4 24 57 5 60 71 45 4 3 34 
13 20 42 74 5 54 50 62 59 4 24 57 5 60 63 71 45 79 44 4 24 3 11 25 19 33 20 34 13 46 74 18 42 57 5 60 63 4 24 33 20 60 63 57 5 79 71 4 3 33 
20 13 42 74 5 62 59 49 4 24 60 63 57 5 79 44 71 45 4 24 12 3 11 34 13 33 20 18 42 25 74 28 57 5 70 62 59 4 24 60 63 57 5 71 79 4 3 33 
20 13 42 74 5 62 59 49 70 62 4 24 59 60 63 57 5 71 45 79 4 24 57 5 4 34 76 3 11 68 25 33 
20 13 74 42 5 62 59 49 70 62 4 24 57 5 60 63 59 71 79 4 24 57 5 4 33 40 3 11 37 63 25 33 
20 13 42 15 74 5 62 4 24 60 63 79 57 5 33 71 40 81 17 37 63 59 4 24 57 5 4 3 11 25 78 33 
