195	1 3 5 7 9 10 11 8 6 13 2 4 12 14 1 2 3 4 5 6 7 8 9 10 11 12 13 14 99 107 108 109 110 113
195	7 11 3 8 12 4 2 4 7 8 12 13 100 107 110 111 118
191	15 3 17 18 19 21 20 22 23 24 13 16 4 14 2 10 12 14 15 16 17 18 19 20 21 22 113 119 123
195	25 11 3 5 26 12 4 6 2 3 7 9 12 13 23 24 99 100 105 106 111 114 118
195	3 27 21 28 29 7 30 8 31 33 34 35 22 1 9 10 11 36 33 34 7 8 2 4 32 12 1 2 4 5 6 7 8 11 12 13 17 19 25 26 27 28 29 30 31 32 107 108 109 120 124 127 128 133 135 143
199	33 37 39 41 34 43 42 44 45 46 38 40 30 31 33 34 35 36 37 38 39 40 41 42 143 144 152 153 163 167 168 169 176 177 179 180 185 188 190
199	25 37 47 49 26 33 29 50 39 30 31 34 51 48 52 41 42 53 40 38 32 54 23 24 27 28 29 30 31 32 33 34 35 37 41 42 43 44 45 46 47 48 127 128 133 135 147 149 156 162 168 172 173 180 181 182 191 197 207 210 211 214
210	37 43 55 57 58 19 56 59 20 44 60 38 16 18 33 36 38 41
218	37 39 61 29 30 40 62 38 27 28 33 34 41 42 49 50 127 138 150 151 152 161 162 165 191 219
195	3 1 7 2 21 49 22 9 50 10 11 4 8 12 1 2 4 5 6 7 8 11 12 13 17 19 43 44 108 109 110 111 119 197
195	9 3 5 29 30 10 11 63 53 64 12 4 6 54 2 3 5 6 7 9 12 13 27 28 47 48 51 52 99 109 111 114 115 118 127 220
195	3 7 11 8 63 53 64 12 4 54 2 4 7 8 12 13 47 48 51 52 107 110 112 115 118 214 220
218	37 21 39 25 22 29 26 33 30 34 38 40 17 19 23 24 27 28 30 31 33 34 41 42 119 120 121 122 127 129 138 143 152 160 161 190
218	37 39 7 8 33 38 40 34 4 8 30 31 33 34 41 42 107 143 152 164 190
218	37 29 49 30 7 8 50 39 40 38 4 8 27 28 33 34 41 42 43 44 107 127 150 151 156 164 165 191 197 207
209	25 26 7 65 49 8 66 50 63 21 37 39 22 38 40 64 4 8 17 19 23 24 33 34 41 42 43 44 51 52 53 54 107 112 119 121 152 154 155 158 159 160 164 165 190 197 207
195	3 5 29 30 27 21 9 28 67 68 22 10 11 29 30 12 4 6 2 3 5 6 7 9 12 13 17 19 25 26 27 28 55 56 99 109 111 114 118 122 124 125 126 127 132 134 221
199	1 37 39 29 33 30 31 34 51 52 33 34 69 2 38 40 32 70 1 11 27 28 29 30 31 32 33 34 41 42 45 46 57 58 127 128 129 133 135 143 145 146 147 148 150 151 152 161 162 190 210
199	37 39 33 29 30 27 34 69 61 62 61 62 38 40 28 70 25 26 27 28 30 31 33 34 41 42 49 50 57 58 126 127 129 132 134 143 148 150 151 152 161 162 190 219
195	3 33 1 2 34 9 10 11 4 12 1 2 5 6 7 11 12 13 30 31 108 109 111 143
191	21 15 29 49 30 50 31 71 51 22 32 73 29 75 76 30 77 78 29 72 49 50 13 14 79 30 31 80 13 32 14 29 79 52 33 80 13 30 77 74 14 78 29 81 34 30 27 28 82 16 10 14 15 17 19 22 25 26 27 28 29 30 31 32 43 44 45 46 59 60 61 62 63 64 113 120 124 126 127 128 129 132 133 134 135 136 139 141 142 193 194 197 198 200 201 203 205 206 209 224
195	1 3 33 9 29 34 10 30 25 31 11 26 12 13 32 2 4 14 1 2 5 6 7 10 11 12 13 14 23 24 27 28 29 30 31 32 108 109 111 113 118 127 129 135 143
191	15 29 30 31 32 27 28 29 30 31 32 29 30 27 13 16 28 14 10 14 15 22 25 26 27 28 29 32 113 124 126 127 128 132 133 134 135 136 141 142
209	37 25 83 84 1 2 38 26 1 11 23 24 33 41 65 66 226
191	27 11 23 24 13 28 14 12 7 10 13 14 20 21 25 26 113 123
210	37 29 85 30 27 7 39 8 33 86 34 28 38 40 4 8 25 26 27 28 30 31 33 34 41 42 107 126 127 132 134 143 150 151 190
191	11 87 27 73 63 13 14 12 88 28 74 64 7 10 13 14 25 26 51 52 59 62 67 68 113
209	77 83 41 89 91 61 93 95 94 97 96 62 90 78 84 42 92 98 35 37 49 50 60 61 65 66 69 70 71 72 73 74 227 228
199	69 29 1 37 39 30 31 70 2 32 40 38 1 11 27 28 29 32 33 34 41 42 57 58 127 135 136 141 142 151 152 162 191
195	29 3 61 30 99 62 100 67 61 62 68 9 29 10 101 30 27 102 4 28 2 5 6 12 25 26 27 28 49 50 55 56 75 76 77 78 108 124 126 127 132 134 140 219 221 229 231
209	37 39 63 40 38 64 33 34 41 42 51 52 152 154 155 158 159 164 165 191 220
191	15 5 103 6 23 33 24 34 51 52 33 104 34 16 3 9 15 20 21 22 30 31 45 46 79 80 105 123 143 145 146 147 210
191	31 73 15 32 29 30 27 23 24 74 13 14 16 28 10 14 15 20 21 22 25 26 27 28 29 32 59 62 113 123 126 127 132 134 142
195	3 5 105 106 4 6 2 3 9 12 81 82 99 100 104 105 106 114
195	11 3 7 4 8 63 87 13 12 64 88 14 2 4 7 8 10 12 13 14 51 52 67 68 100 107 110 112 113 220
195	3 107 27 7 11 108 5 8 63 41 42 53 4 28 12 6 64 54 2 3 4 7 8 9 12 13 25 26 35 37 47 48 51 52 83 84 107 110 112 114 116 168 172 173 182
209	91 92
209	37 38 33 41 154
191	15 67 16 68 15 22 55 56 221
191	15 29 30 31 32 67 68 49 16 50 15 22 27 28 29 32 43 44 55 56 127 128 133 135 136 141 142 197 221
191	87 21 22 103 88 104 17 19 67 68 79 80 119
199	37 41 42 38 33 35 37 41 153 154 168 180
199	31 37 39 69 81 70 82 41 42 53 32 38 40 54 29 32 33 34 35 37 41 42 47 48 57 58 63 64 149 152 168 172 173 180 181 182 190 211 214 222 225
191	11 5 29 30 99 33 34 100 6 13 14 12 3 7 9 10 13 14 27 28 30 31 75 76 113 127 129 140 143 229
191	101 99 33 34 102 100 30 31 75 76 77 78 143 229 231
209	91 92 109 81 23 24 82 110 20 21 63 64 85 86 123 225
191	15 111 113 33 23 34 24 112 114 29 30 16 15 20 21 22 27 28 30 31 123 127 143
191	101 111 115 112 69 116 102 70 57 58 77 78 222
199	37 33 34 41 43 42 53 44 38 54 30 31 33 35 36 37 38 41 47 48 143 144 153 167 168 169 172 173 176 177 178 179 180 182 186 212 214
195	3 27 51 9 28 10 15 117 55 118 56 49 50 13 14 55 49 16 50 11 5 56 4 52 12 6 2 3 5 6 7 9 10 12 13 14 15 22 25 26 43 44 45 46 106 108 113 114 124 192 193 194 197 198 199 200 201 203 204 205 206 209
191	15 117 55 118 56 49 50 13 14 49 16 50 10 14 15 22 43 44 113 193 194 197 198 200 201 203 205 206 209
195	3 29 7 30 27 9 13 10 14 11 107 28 8 4 12 108 2 4 5 6 7 8 10 12 13 14 25 26 27 28 83 84 108 109 110 113 126 127 132 134
195	3 11 7 27 5 8 51 12 28 52 4 6 2 3 4 7 8 9 12 13 25 26 45 46 99 107 110 114 118 210
195	5 27 7 11 119 28 8 67 68 120 6 12 3 4 7 8 9 13 25 26 55 56 87 88 107 110 124 221
199	37 39 121 29 122 47 30 48 40 38 27 28 33 34 41 42 127 138 150 152 161 191
199	39 47 29 30 27 48 41 42 53 40 28 54 25 26 27 28 34 35 37 42 47 48 126 127 130 132 134 137 161 162 168 172 173 181 182 214
195	31 11 12 101 5 32 67 81 6 63 102 13 14 23 68 64 82 24 3 7 9 10 13 14 20 21 29 32 51 52 55 56 63 64 77 78 105 111 113 123
195	7 11 1 5 12 8 63 101 6 64 2 102 1 3 4 7 8 9 11 13 51 52 77 78 110 111 112 220 231
199	29 30 31 69 41 42 53 54 32 70 27 28 29 32 35 37 47 48 57 58 127 128 130 133 135 137 168 172 173 182 211 214
195	123 11 51 52 12 124 7 13 45 46 111 210
209	51 52 45 46 210
191	101 83 102 84 65 66 77 78 226 231
191	11 63 64 12 7 13 51 52 111 220
209	13 14 10 14 113
191	11 12 7 13 111
191	21 101 5 33 125 34 51 105 22 73 126 52 63 106 102 6 74 64 3 9 17 19 30 31 45 46 51 52 59 62 77 78 81 82 143 145 146 147
191	15 5 73 6 23 24 33 34 74 16 3 9 15 20 21 22 30 31 59 62 105 123 143
191	15 13 14 16 10 14 15 22 113
195	7 11 8 12 4 7 8 13 107 110 111
209	37 49 38 50 33 41 43 44 154 156 157 197
199	103 104 81 82 63 64 79 80 225
210	81 82 29 30 27 28 63 64 127 225
195	11 49 50 12 7 13 43 44 111 197
195	11 3 127 128 129 130 12 4 2 7 12 13 89 90 91 92 118 233
199	37 131 132 67 61 68 41 62 29 30 42 38 27 28 33 35 37 41 49 50 55 56 127 131 137 138 166 168 180 219 221
199	61 41 47 117 29 62 133 48 30 131 118 42 132 81 135 134 82 136 27 28 35 37 49 50 63 64 93 94 127 137 225 234
199	103 131 104 81 41 132 31 82 42 53 32 54 29 32 35 37 47 48 63 64 79 80 142 149 168 182 211 214 225
199	41 1 42 135 136 41 137 29 138 30 31 42 53 2 32 54 1 11 27 28 29 32 35 37 47 48 93 94 127 128 131 133 135 137 142 149 166 168 182 211 214 234
209	29 37 30 39 38 40 27 28 33 34 41 42 127 138 151 152 154 155 158 159 164 165 190
195	29 3 5 21 135 101 22 103 30 99 136 4 6 102 104 100 2 3 9 12 17 19 27 28 75 76 77 78 79 80 93 94 99 114 119 122 125 140
195	3 5 127 29 30 131 101 132 4 6 128 102 2 3 9 12 27 28 77 78 89 90 99 114 127
209	91 139 55 56 127 92 140 128 89 90
210	37 21 49 61 27 62 28 67 22 50 53 39 68 40 38 54 17 19 25 26 33 34 41 42 43 44 47 48 49 50 55 56 124 156 164 165 191 207 219
209	21 39 22 83 40 84 49 50 17 19 34 42 43 44 65 66 119 121 160 165 197 226
199	29 37 39 41 42 30 40 49 50 13 14 49 50 39 38 40 10 14 27 28 33 34 35 37 41 42 43 44 113 130 131 151 152 153 162 163 164 165 166 168 170 181 190 193 194 195 197 198 200 201 202 203 205 206 207 209
199	91 101 141 92 102 142 77 78 231
209	37 39 38 40 33 34 41 42 152 154 155 158 159 164 165 190
209	87 41 39 29 88 40 23 42 30 24 20 21 27 28 34 35 37 42 67 68 123 131 161 165
191	101 141 142 95 96 143 102 144 70 73 77 78 228
199	33 21 34 22 17 19 30 31 119 143
195	3 5 93 141 6 21 94 29 41 49 97 22 30 50 77 78 29 42 30 99 145 9 10 101 100 4 142 98 146 102 2 3 5 6 9 12 17 19 27 28 35 37 43 44 60 61 69 71 72 74 75 76 77 78 95 96 99 105 108 120 122 127 130 131 139 140 166 170 183 197 208 224 227
191	101 102 77 78 231
209	87 39 88 40 34 42 67 68 165
209	37 39 40 38 33 34 41 42 152 154 155 158 159 164 165 191
209	39 40 34 42 165
209	37 39 40 38 33 34 41 42 152 154 155 158 159 164 165 191
199	37 147 39 1 148 41 51 42 145 146 149 52 150 2 40 38 1 11 33 34 35 37 41 42 45 46 95 96 152 168 183 191
199	37 33 103 39 41 34 69 42 149 147 40 150 148 135 13 14 49 50 136 104 38 70 10 14 30 31 33 34 35 37 41 42 43 44 57 58 79 80 93 94 113 143 144 148 152 153 163 168 181 197
209	37 39 40 49 50 13 14 21 23 151 152 22 24 38 10 14 17 19 20 21 33 34 41 42 43 44 113 119 123 152 155 156 157 159 165 193 194 197 198 200 201 203 205 206 209
191	101 5 3 102 6 4 2 3 9 12 77 78 100 105 106 231
209	37 39 139 103 40 140 104 38 33 34 41 42 79 80 152 155 159 165 191
191	101 3 97 49 50 13 102 4 98 14 2 10 12 14 43 44 72 74 77 78 113 193 197 200 205
191	101 143 77 49 78 102 144 50 43 44 60 61 77 78 197 224
209	87 88 49 65 50 39 66 37 40 38 33 34 41 42 43 44 53 54 67 68 154 155 164 165 191 195 197 202 207
209	37 38 33 41 154
209	21 37 39 22 38 40 17 19 33 34 41 42 119 121 152 154 155 158 159 160 164 165 190
209	87 88 67 68
191	11 77 23 24 129 49 78 12 130 50 7 13 20 21 43 44 60 61 91 92 123 197 233
209	37 38 33 41 154
191	63 141 5 11 97 149 3 64 150 135 142 6 12 98 4 136 2 3 7 9 12 13 51 52 72 74 93 94 118
209	37 39 40 38 33 34 41 42 152 154 155 158 159 164 165 191
191	11 91 135 136 49 50 67 13 14 92 68 109 110 12 7 10 13 14 43 44 55 56 85 86 93 94 113 193 194 197 198 200 201 203 205 206 209 221 232 234
209	1 37 2 38 1 11 33 41 154
195	3 5 27 101 6 28 102 67 21 13 14 33 147 49 34 50 7 8 63 93 22 1 148 68 64 94 105 2 103 106 153 154 155 93 156 157 94 158 29 30 27 104 28 4 1 2 3 4 8 9 10 11 12 14 17 19 25 26 27 28 30 31 43 44 51 52 55 56 69 71 77 78 79 80 81 82 99 105 107 112 113 124 126 127 132 134 143 197 227 231
195	3 5 83 4 6 84 2 3 9 12 65 66 99 100 105 106 114 226
199	37 39 41 42 145 139 140 146 135 136 40 49 38 50 33 34 35 37 41 42 43 44 93 94 95 96 152 153 163 168 183 191 197 234
209	33 34 30 31 143
199	41 55 5 97 139 42 145 147 148 146 135 6 98 129 49 56 140 59 141 142 50 60 130 136 3 9 35 37 43 44 72 74 91 92 93 94 95 96 183
191	11 33 34 145 146 135 136 12 7 13 30 31 93 94 95 96 143 234
209	159 160
199	49 41 33 50 39 34 99 73 42 74 100 40 30 31 34 35 37 42 43 44 59 62 75 76 143 163 171 181 195 196 197 202 207 229
199	41 49 50 13 14 49 50 39 33 42 34 40 10 14 30 31 34 35 37 42 43 44 113 143 163 165 170 171 181 193 194 195 197 198 200 201 202 203 205 206 207 208 209
209	37 49 38 50 13 14 43 44 10 14 33 36 38 41 43 44 113 154 156 157 177 193 194 197 198 200 201 203 205 206 209
210	105 55 106 129 56 59 130 60 81 82 91 92 233
210	161 162
210	159 160
210	37 39 21 22 40 93 38 49 94 50 17 19 33 34 41 42 43 44 69 71 119 152 155 159 160 165 191 197 227
210	33 34 30 31 143
199	33 29 21 43 39 34 22 30 44 85 41 42 135 136 86 119 40 120 17 19 27 28 30 31 34 35 36 37 38 42 87 88 93 94 119 121 122 125 129 137 160 162 168 174 184 234 235
195	3 5 53 105 106 27 28 67 147 68 6 148 13 14 79 29 30 11 12 54 4 80 2 3 7 9 10 12 13 14 25 26 27 28 47 48 55 56 81 82 99 103 104 111 113 118 124 127 215 221
199	29 41 43 42 53 11 30 27 44 45 12 28 54 46 7 13 25 26 27 28 35 36 37 38 39 40 47 48 124 130 131 134 167 168 172 173 174 176 178 182 185 186 188 212 216
199	37 103 39 29 33 104 81 41 43 11 30 27 82 12 44 45 34 42 28 25 53 38 46 40 26 54 7 13 23 24 25 26 27 28 30 31 33 34 35 36 37 38 39 40 41 42 47 48 63 64 79 80 111 130 134 144 150 152 161 166 167 174 180 182 184 185 190
199	37 29 33 41 101 30 27 34 42 25 53 28 26 102 54 38 23 24 25 26 27 28 30 31 33 35 37 41 47 48 77 78 127 130 134 137 144 150 153 166 182 214
199	37 39 41 43 137 163 138 165 44 167 164 67 166 169 42 168 119 137 68 120 43 170 29 138 44 171 173 175 30 172 174 40 176 38 27 28 33 34 35 36 37 38 41 42 55 56 87 88 152 153 167 177 191
209	29 159 30 27 61 28 117 29 30 77 78 160 62 65 49 50 66 37 118 38 25 26 27 28 33 41 43 44 49 50 53 54 60 61 124 126 127 132 134 139 154 197 224
209	29 21 37 105 30 27 22 83 177 28 84 29 106 30 77 78 38 178 17 19 25 26 27 28 33 41 60 61 65 66 81 82 124 125 127 134 138 139 151 224 226
209	159 105 106 29 137 175 41 61 30 27 28 29 138 176 30 77 42 62 78 160 25 26 27 28 35 37 49 50 60 61 81 82 124 127 130 134 137 139 166 224
195	3 5 101 179 102 4 6 180 2 3 9 12 77 78 99 106 114 231
195	3 105 5 53 6 49 54 4 106 50 2 3 9 12 43 44 47 48 81 82 99 103 104 105 197 214 215
195	3 4 2 12 100
191	15 181 183 105 99 182 49 184 100 29 41 50 42 53 39 30 31 32 29 54 40 106 30 16 15 22 27 28 29 32 34 35 37 42 43 44 47 48 75 76 81 82 127 130 131 135 136 141 142 149 161 162 168 171 172 173 182 196 207 208 211 229 230
195	33 3 5 99 34 69 6 13 70 100 14 4 2 3 9 10 12 14 30 31 57 58 75 76 99 105 113 143 148 222
210	33 41 37 163 34 42 164 38 30 31 33 35 37 41 143 144 168 180
210	37 38 33 41 154
210	33 41 37 163 49 42 50 34 164 38 30 31 33 35 37 41 43 44 144 156 157 168 170 180 197
218	37 163 47 164 48 38 33 41
210	37 39 41 151 152 42 40 38 33 34 35 37 41 42 152 153 163 168 180 181 191
195	5 97 9 6 10 11 98 12 3 5 6 7 9 13 72 74 105 108 109 111
195	3 5 97 11 6 4 98 12 2 3 7 9 12 13 72 74 99 105 106 111
218	33 37 49 41 50 39 163 42 34 40 23 164 38 24 20 21 30 31 33 34 35 37 41 42 43 44 123 144 152 153 156 157 163 165 168 171 181 191 195 196 197 202 207 208
210	39 40 34 42 165
209	37 38 33 41 154
210	37 38 33 41 154
209	185 5 69 186 6 39 87 70 40 88 3 9 34 42 57 58 67 68 105 165
195	3 105 53 169 7 99 13 170 100 14 5 106 6 4 54 8 2 3 4 8 9 10 12 14 47 48 75 76 81 82 103 104 105 106 113 115 229
195	3 4 2 12 100
195	3 4 2 12 100
191	11 67 61 68 62 12 7 13 49 50 55 56 219 221
195	101 123 137 138 187 129 188 189 130 190 102 124 77 78 91 92 233
191	3 93 94 105 61 62 4 106 2 12 49 50 69 71 81 82 104 219 227
209	7 53 37 54 135 38 65 61 49 136 62 66 91 8 21 33 50 39 22 34 40 92 4 8 17 19 30 31 33 34 41 42 43 44 47 48 49 50 53 54 93 94 119 121 143 154 160 165 207 214 217 219
191	15 191 16 49 50 13 192 14 10 14 15 22 43 44 113 193 194 197 198 200 201 203 205 206 209
209	7 49 8 63 21 50 39 75 29 76 30 77 22 64 61 62 41 42 183 40 78 184 4 8 17 19 27 28 34 35 37 42 43 44 49 50 51 52 60 61 107 112 120 121 127 139 161 162 168 181 197 207 219
191	15 99 41 42 100 49 50 13 16 14 10 14 15 22 35 37 43 44 75 76 113 168 170 171 193 194 197 198 200 201 203 205 206 209 229
210	33 37 39 41 40 49 93 34 42 69 149 75 94 76 61 105 141 55 50 5 62 29 142 30 77 70 150 33 41 139 34 25 42 183 106 56 6 140 26 184 49 38 78 50 3 9 23 24 27 28 30 31 33 34 35 37 41 42 43 44 49 50 57 58 60 61 69 71 81 82 127 139 143 144 148 152 153 155 156 159 165 168 170 197 204
191	11 131 132 67 13 14 12 68 7 10 13 14 55 56 113 221
209	37 41 23 42 24 29 61 62 13 14 38 30 10 14 20 21 27 28 33 35 37 41 49 50 113 123 153 168 219
209	135 136 169 39 170 40 34 42 93 94 165 234
209	21 63 135 37 39 22 169 64 136 170 29 30 77 40 38 78 17 19 27 28 33 34 41 42 51 52 60 61 93 94 121 127 138 139 152 160 191 224
209	37 63 41 93 94 49 50 39 64 42 40 49 38 50 33 34 35 37 41 42 43 44 51 52 69 71 153 163 165 170 171 180 181 191 195 197 202 207 208 227
209	163 79 164 80
191	131 11 51 3 132 12 52 4 2 7 12 13 45 46 100 111 118 210
191	11 97 3 98 4 12 2 7 12 13 72 74 100
191	11 23 109 129 19 24 110 135 130 20 136 12 7 13 16 18 20 21 85 86 91 92 93 94 123 232 234
195	33 41 3 5 77 42 53 101 105 34 7 8 33 34 51 102 193 4 6 78 54 106 52 194 2 3 4 8 9 12 30 31 35 37 45 46 47 48 60 61 77 78 81 82 99 103 107 114 115 143 144 145 146 147 168 182
195	11 3 63 41 64 42 53 43 12 44 195 4 54 196 2 7 12 13 35 36 37 38 47 48 51 52 101 115 118 167 168 172 173 177 179 182 186 212 220
209	37 13 14 49 38 109 50 110 10 14 33 41 43 44 85 86 113 154 156 197 232
209	197 199 198 200
209	21 185 22 199 186 200 17 19 119
210	201 61 19 20 202 62 63 64 16 18 49 50 51 52 219 220
210	37 169 75 49 170 50 139 76 55 56 140 38 33 41 43 44 156 197
210	185 49 95 21 75 50 96 139 22 76 55 186 140 56 17 19 43 44 70 73 197 228
199	69 70 57 58 222
199	29 139 140 69 30 70 27 28 57 58 127 222
195	97 175 63 135 98 176 129 136 64 130 51 52 72 74 91 92 93 94 233 234
195	3 5 97 69 9 175 70 10 33 101 34 102 193 194 176 98 129 6 130 23 24 4 2 3 5 6 9 12 20 21 30 31 57 58 72 74 77 78 91 92 99 108 123 143 222 231 233
210	37 7 47 8 33 34 38 48 4 8 30 31 33 41 107 143
210	37 7 8 63 64 38 4 8 33 41 51 52 107 112 220
209	37 39 63 64 38 40 33 34 41 42 51 52 152 154 158 164 165 190 220
210	37 7 49 50 39 8 33 34 38 40 4 8 30 31 33 34 41 42 43 44 107 143 152 156 157 164 190 195 197 202 207
210	39 40 49 50 13 14 49 50 10 14 34 42 43 44 113 165 193 194 197 198 200 201 203 205 206 209
210	43 41 42 53 44 203 49 50 13 54 204 14 10 14 35 36 37 38 43 44 47 48 97 98 113 168 169 172 173 175 176 177 178 179 182 187 193 197 200 205 206 209 212 218
210	39 43 40 44 34 36 38 42 165 177
191	29 105 15 3 30 99 4 109 106 100 129 29 110 130 30 27 28 67 68 16 2 12 15 22 25 26 27 28 55 56 75 76 81 82 85 86 91 92 100 124 126 127 132 134 140 221 229 230 233
191	125 29 126 141 30 31 32 29 23 142 109 129 30 24 110 130 20 21 27 28 29 32 85 86 91 92 127 128 133 135 136 141 142 232 233
209	37 38 33 41 154
191	15 29 23 95 30 96 31 141 32 29 24 81 30 99 129 82 16 142 100 130 15 20 21 22 27 28 29 32 63 64 70 73 75 76 91 92 127 135 136 140 141 142 225 228
191	101 29 30 31 32 102 27 28 29 32 77 78 127 128 133 135 136 141 142
191	205 87 29 88 30 31 206 32 27 28 29 32 67 68 127 128 133 135 136 141 142
191	29 15 3 175 30 99 100 29 4 109 176 110 81 129 30 31 130 32 23 29 82 24 30 16 2 12 15 20 21 22 27 28 29 32 63 64 75 76 85 86 91 92 123 127 135 136 140 141 142 229 230 232 233
191	15 67 68 21 22 29 30 16 15 17 19 22 27 28 55 56 119 120 122 127 221
191	15 125 81 23 24 129 109 126 19 130 110 16 82 20 15 16 18 20 21 22 63 64 85 86 91 92 123 232 233
209	37 49 50 21 39 41 27 125 22 42 126 40 28 29 135 38 30 136 17 19 25 26 27 28 33 34 35 37 41 42 43 44 93 94 121 127 152 156 157 160 168 181 191 195 196 197 202 207 234
209	37 39 117 207 1 208 59 118 7 60 8 63 125 209 126 64 210 2 40 38 1 4 8 11 33 34 41 42 51 52 107 112 152 191 220
191	11 125 3 23 126 4 109 129 24 110 130 12 2 7 12 13 20 21 85 86 91 92 100 232 233
191	9 10 11 43 33 29 44 45 34 30 46 12 5 6 7 13 27 28 30 31 36 38 39 40 108 109 127 129 143 177 185 188
191	11 3 5 63 64 6 12 4 2 3 7 9 12 13 51 52 99 105 118 220
191	11 12 7 13 111
209	37 95 21 39 40 23 43 96 24 211 137 22 44 138 212 19 20 38 16 17 18 19 20 21 33 34 36 38 41 42 70 73 121 123 152 155 159 165
209	37 39 38 40 33 34 41 42 152 154 155 158 159 164 165 190
209	37 7 39 8 40 38 4 8 33 34 41 42 107 152 155 159 164 165 191
209	61 62 49 50 219
209	53 49 7 50 67 13 14 23 24 49 68 50 39 40 54 8 4 8 10 14 20 21 34 42 43 44 47 48 55 56 113 123 165 193 195 197 200 202 205 206 207 209
195	3 33 99 21 49 100 67 41 50 5 68 43 22 42 53 113 114 44 45 34 69 46 119 81 70 63 120 54 135 82 6 49 4 64 136 50 2 3 9 12 17 19 30 31 35 36 37 38 39 40 43 44 47 48 51 52 55 56 57 58 63 64 75 76 87 88 93 94 116 148 167 171 176 178 179 182 185 188 189 196 197 204 212 213 217 221 222 223 229
209	37 7 8 63 49 61 50 39 64 62 21 33 22 38 40 34 4 8 17 19 30 31 33 34 41 42 43 44 49 50 51 52 107 112 119 143 156 190 195 197 202 207 219
209	7 49 21 50 39 40 22 8 4 8 17 19 34 42 43 44 119 121 160 165 195 197 202 207
209	1 63 2 64 1 11 51 52 220
209	61 49 211 50 39 212 62 40 34 42 43 44 49 50 165 195 197 202 207
209	37 131 49 213 50 13 132 14 67 23 214 24 33 49 34 7 41 50 39 68 42 38 8 40 4 8 10 14 20 21 30 31 33 34 35 37 41 42 43 44 55 56 113 123 143 144 156 157 163 164 168 171 180 181 190 193 196 197 200 205 206 207 208 209
203	7 37 49 43 9 10 11 50 39 44 12 193 38 40 8 194 4 5 6 7 8 13 33 34 36 38 41 42 43 44 108 109 111 156 164 190 207
195	33 3 49 41 50 13 14 49 42 50 53 34 7 21 22 1 49 9 50 5 10 11 12 193 8 63 54 194 135 6 49 50 13 4 2 64 136 14 1 2 3 4 5 6 7 8 9 10 11 12 13 14 17 19 30 31 35 37 43 44 47 48 51 52 93 94 101 108 109 110 111 112 113 116 119 144 170 171 182 192 193 194 196 197 198 199 200 201 203 204 205 206 208 209 217
195	3 63 21 9 22 10 11 64 43 49 50 5 41 44 42 53 12 193 194 6 54 4 2 3 5 6 7 9 12 13 17 19 35 36 37 38 43 44 47 48 51 52 108 109 119 168 169 172 173 175 182 184 192 196 197 199 204 208 215
195	49 3 50 5 4 6 2 3 9 12 43 44 99 100 105 106 114 192 197 199 204
209	37 39 38 40 33 34 41 42 152 154 155 158 159 164 165 190
195	33 9 65 5 10 205 34 66 7 206 8 6 3 4 5 6 8 9 30 31 53 54 107 108
210	29 37 1 121 30 39 122 47 63 64 33 38 40 34 51 49 48 2 52 50 1 11 27 28 30 31 33 34 41 42 43 44 45 46 51 52 127 143 145 146 147 151 152 190 197 210 220
195	33 41 3 5 95 96 215 42 34 4 6 216 2 3 9 12 30 31 35 37 70 73 99 114 144 228
210	63 77 21 47 22 39 78 40 64 48 17 19 34 42 51 52 60 61 119 121 165
195	3 9 29 7 10 11 30 77 12 193 194 8 63 4 78 64 2 4 5 6 7 8 12 13 27 28 51 52 60 61 108 109 111 112 116 127 139 220
195	11 95 96 12 7 13 70 73 111 228
195	11 29 21 30 31 22 12 32 7 13 17 19 27 28 29 32 119 125 127 128 133 135 136 141 142
195	15 29 137 138 173 30 77 16 78 67 11 174 68 12 7 13 15 22 27 28 55 56 60 61 111 127 139 221 224
203	39 40 34 42 165
203	37 7 53 15 39 81 54 40 16 49 38 8 82 50 4 8 15 22 33 34 41 42 43 44 47 48 63 64 152 165 191 197 214
203	37 49 50 39 41 42 53 15 29 30 40 16 38 54 15 22 27 28 33 34 35 37 41 42 43 44 47 48 127 138 152 153 156 157 163 168 172 173 182 191 195 196 197 202 207 208
203	15 39 16 40 15 22 34 42 165
203	63 37 21 95 39 22 96 175 64 176 15 19 20 33 34 40 23 38 109 16 24 110 15 16 17 18 19 20 21 22 30 31 33 34 41 42 51 52 70 73 85 86 119 121 123 143 152 160 191 228 232
195	15 19 20 33 34 23 16 24 15 16 18 20 21 22 30 31 123 143
203	63 64 41 49 65 50 29 66 37 42 30 131 38 132 27 28 33 35 37 41 43 44 51 52 53 54 127 131 138 151 154 170 171 180 197 208 220
203	37 49 61 29 50 39 62 30 31 40 32 67 49 50 11 68 38 12 7 13 27 28 29 32 33 34 41 42 43 44 49 50 55 56 111 127 135 136 141 142 150 156 157 162 165 195 197 202 207 219 221
195	11 12 7 13 111
203	1 43 49 50 39 44 2 21 22 41 42 40 1 11 17 19 34 35 36 37 38 42 43 44 119 160 168 177 181 195 197 202 207
195	21 15 22 217 41 42 53 16 218 54 15 17 19 22 35 37 47 48 119 168 172 173 182 214
195	11 41 43 95 96 12 42 44 7 13 35 36 37 38 70 73 167 176 179 228
195	11 53 12 54 7 13 47 48 111 214
209	37 39 61 62 38 40 33 34 41 42 49 50 152 154 158 164 165 190 219
195	33 3 5 34 4 6 2 3 9 12 30 31 99 100 105 106 114 143
195	11 12 7 13 111
195	11 43 44 12 7 13 36 38 111 177
195	11 41 42 12 7 13 35 37 111 168
195	11 69 29 41 42 53 43 30 77 44 45 70 54 46 12 78 7 13 27 28 35 36 37 38 39 40 47 48 57 58 60 61 130 131 139 166 167 168 172 173 174 177 182 185 186 188 212 216
195	11 12 7 13 111
195	11 53 12 54 7 13 47 48 111 214
195	37 27 43 49 50 39 28 29 44 30 31 32 67 68 40 38 25 26 27 28 29 32 33 34 36 38 41 42 43 44 55 56 127 128 133 135 136 141 142 156 157 161 162 191 195 197 202 207 221
195	11 49 29 37 135 21 50 136 39 211 22 30 212 12 38 40 7 13 17 19 27 28 33 34 41 42 43 44 93 94 121 122 125 138 157 160 162 190 207 234
195	15 49 16 50 9 10 11 12 5 6 7 13 15 22 43 44 108 109 111 197
195	11 53 23 91 24 92 65 54 41 147 49 66 42 148 50 39 43 40 12 44 7 13 20 21 34 35 36 37 38 42 43 44 47 48 53 54 123 165 168 170 177 197 207
195	11 1 2 12 1 7 11 13 111
195	53 49 50 13 14 54 10 14 43 44 47 48 113 193 194 197 198 200 201 203 205 206 209
195	11 7 53 8 49 12 54 50 4 7 8 13 43 44 47 48 107 110 197 214
203	73 65 49 74 81 61 41 43 66 50 91 39 82 62 42 29 147 44 203 148 30 27 204 119 92 65 28 120 66 67 37 40 68 38 25 26 27 28 33 34 35 36 37 38 41 42 43 44 49 50 53 54 55 56 59 62 63 64 87 88 97 98 134 154 155 161 163 167 171 179 187 191 196 207 221 236
195	11 65 66 67 37 68 38 12 7 13 33 41 53 54 55 56 154 221
199	37 21 22 38 65 66 17 19 33 41 53 54 119 154
195	3 4 2 12 100
191	17 18 109 219 110 220 85 86 232
199	87 39 21 69 43 44 22 103 40 104 88 70 17 19 34 36 38 42 57 58 67 68 79 80 119 177
210	37 21 22 38 17 19 33 41 119 154
199	37 43 44 38 33 36 38 41 154 177
199	39 67 40 68 34 42 55 56 165 221
195	3 63 41 101 117 163 31 42 53 64 102 118 32 54 164 4 2 12 29 32 35 37 47 48 51 52 77 78 101 149 182 211 215
210	153 154
199	37 41 39 51 42 145 52 69 146 70 135 38 40 136 33 34 35 37 41 42 45 46 57 58 93 94 95 96 152 153 163 168 183 190 210 222 234
191	67 68 29 30 99 100 27 28 55 56 75 76 127 140 221 229
195	3 41 69 42 145 221 146 222 43 70 44 45 46 4 2 12 35 36 37 38 39 40 57 58 95 96 101 168 177 183 185 188
191	43 29 81 44 30 31 203 82 63 204 119 32 29 21 30 99 64 120 22 100 17 19 27 28 29 32 36 38 51 52 63 64 75 76 87 88 97 98 125 127 128 133 135 140 174 177 187 229 236
191	15 31 43 44 32 16 15 22 29 32 36 38 142 177
210	33 81 34 51 82 52 33 34 30 31 45 46 63 64 143 145 146 147 210 225
199	37 51 39 31 52 33 47 34 69 48 70 33 34 51 47 52 63 32 67 48 38 40 64 68 29 30 31 32 33 34 41 42 45 46 51 52 55 56 57 58 143 145 146 147 148 152 190 210 222
209	51 52 33 34 30 31 45 46 143 210
195	49 51 50 41 5 31 42 53 32 67 52 54 68 6 3 9 29 32 35 37 43 44 45 46 47 48 55 56 142 149 168 172 173 182 192 196 197 199 204 208 211 214 221
199	3 5 105 33 221 99 73 95 96 141 34 69 74 81 70 63 222 61 82 142 19 4 6 106 100 64 62 20 2 3 9 12 16 18 30 31 49 50 51 52 57 58 59 62 63 64 70 73 75 76 81 82 99 104 114 116 148 222 223 228
191	77 223 224 21 78 67 93 65 68 66 22 94 17 19 53 54 55 56 60 61 69 71 221 224
191	33 11 34 51 105 141 52 63 21 22 83 64 12 106 142 84 7 13 17 19 30 31 45 46 51 52 65 66 81 82 119 143 145 146 147 210 220
195	27 3 49 50 33 5 93 28 41 29 95 94 96 105 141 30 31 34 69 42 53 70 63 43 6 107 64 44 203 32 54 108 4 142 204 106 2 3 9 12 25 26 27 28 29 30 31 32 35 36 37 38 43 44 47 48 51 52 57 58 69 70 71 73 81 82 83 84 97 98 99 135 137 144 148 149 177 182 186 187 192 197 199 204 215 218 220 222 223 228
191	145 181 146 182 135 121 99 122 47 136 119 48 201 100 67 202 68 61 120 62 49 50 55 56 75 76 87 88 93 94 95 96 219 221
191	3 105 49 50 13 14 15 107 33 34 69 70 63 81 64 82 108 5 4 106 16 6 2 3 9 10 12 14 15 22 30 31 43 44 51 52 57 58 63 64 81 82 83 84 104 105 106 113 114 143 148 193 194 197 198 200 201 203 205 206 209 220 222 223 225
209	33 37 163 39 34 38 40 164 30 31 33 34 41 42 143 152 154 158 164 165 190
209	91 49 92 50 43 44 197
191	27 11 41 225 227 42 229 230 135 136 21 22 103 228 119 120 28 12 226 104 7 13 17 19 25 26 35 37 79 80 87 88 93 94 119 168 234
191	15 29 21 30 99 22 83 100 29 30 99 16 231 100 29 30 77 84 232 78 15 17 19 22 27 28 60 61 65 66 75 76 119 122 125 127 139 140 224 229 230
191	15 77 103 163 78 33 67 104 81 164 68 82 34 16 15 22 30 31 55 56 60 61 63 64 79 80 221 224 225
191	15 21 191 229 22 83 192 16 230 84 15 17 19 22 65 66 119 226
191	231 225 229 77 232 226 230 78 60 61 224
191	15 81 63 135 64 82 136 21 119 33 120 34 51 22 103 16 52 104 15 17 19 22 30 31 45 46 51 52 63 64 79 80 87 88 93 94 143 145 146 147 210 220 225 234 235
195	69 41 37 203 42 53 54 135 204 119 70 38 136 120 33 35 37 41 47 48 57 58 87 88 93 94 97 98 168 172 173 182 214 217 218 235
191	231 83 33 84 34 232 30 31 65 66 143 226
191	231 233 33 234 19 21 20 34 22 232 16 17 18 19 30 31 119
191	231 235 1 236 33 59 60 34 25 26 63 119 135 64 120 136 232 2 1 11 23 24 30 31 51 52 87 88 93 94 143 220 234
191	15 85 99 86 119 21 135 100 29 120 136 22 83 30 31 32 84 81 16 82 15 17 19 22 27 28 29 32 63 64 65 66 75 76 87 88 93 94 120 122 135 136 141 142 225 226 230 234
191	15 43 41 29 44 42 145 227 191 30 99 100 29 30 31 32 29 146 228 135 119 30 136 77 192 120 78 16 15 22 27 28 29 32 35 36 37 38 60 61 75 76 87 88 93 94 95 96 127 128 131 133 135 136 139 140 141 142 168 169 175 176 177 183 184 224 229 230 234 235
191	41 15 43 93 29 42 44 145 85 94 30 99 100 29 30 31 32 86 29 119 146 135 30 77 78 120 136 16 15 22 27 28 29 32 35 36 37 38 60 61 69 71 75 76 87 88 93 94 95 96 127 128 131 133 135 136 139 140 141 142 167 176 177 179 183 224 229 230
195	69 37 39 43 41 44 203 42 53 204 119 40 13 54 135 70 63 61 120 64 38 14 136 62 10 14 33 34 35 36 37 38 41 42 47 48 49 50 51 52 57 58 87 88 93 94 97 98 152 153 168 169 172 173 175 176 177 181 182 184 187 217 220 223 236
191	101 109 110 102 77 78 85 86 231 232
195	37 39 69 31 43 44 45 211 46 119 38 40 70 32 212 120 29 32 33 34 36 38 39 40 41 42 57 58 87 88 152 177 185 188 189 190
191	3 29 5 1 30 31 145 33 2 21 227 32 67 68 34 22 51 73 228 119 146 135 120 136 4 6 52 74 1 2 3 9 11 12 17 19 27 28 29 30 31 32 45 46 55 56 59 62 87 88 93 94 95 96 99 114 127 128 133 135 147 221 234
191	99 1 11 145 227 100 2 29 21 228 119 12 9 146 135 30 31 22 136 73 120 10 11 32 74 12 1 5 6 7 11 13 17 19 27 28 29 32 59 62 75 76 87 88 93 94 95 96 109 111 125 135 230 234 235
191	11 1 12 2 1 7 11 13 111
195	29 145 3 5 43 146 41 69 30 77 42 53 44 45 46 119 4 6 70 78 54 120 2 3 9 12 27 28 35 36 37 38 39 40 47 48 57 58 60 61 87 88 95 96 99 101 102 114 115 137 139 166 168 174 175 179 182 185 188 189 212 213
195	37 39 33 43 34 44 40 38 30 31 33 34 36 38 41 42 143 152 177 191
195	37 29 43 30 38 44 27 28 33 36 38 41 127 138 150 151 154 174 177
195	37 33 29 43 30 34 25 44 121 26 122 38 23 24 27 28 30 31 33 36 38 41 127 129 143 150 151 174 177
195	3 201 43 29 21 225 202 41 30 22 99 103 213 44 45 42 53 125 46 119 226 100 54 67 135 49 4 104 214 126 120 68 136 50 2 12 17 19 27 28 35 36 37 38 39 40 43 44 47 48 55 56 75 76 79 80 87 88 93 94 102 117 125 130 140 166 182 184 185 188 189 215 217
195	29 3 21 5 43 22 83 30 99 201 202 41 44 45 84 81 82 42 53 6 49 50 225 237 54 135 169 136 4 100 46 226 238 170 2 3 9 12 17 19 27 28 35 36 37 38 39 40 43 44 47 48 63 64 65 66 75 76 93 94 99 102 119 122 125 140 169 174 182 185 197 215 217 225 234
195	3 43 5 41 6 49 50 225 42 53 44 203 237 54 204 135 119 67 4 226 238 136 120 68 2 3 9 12 35 36 37 38 43 44 47 48 55 56 87 88 93 94 97 98 99 101 102 105 117 170 171 175 179 182 186 187 197 208 212 214 217 218 235 236
195	3 5 93 53 9 45 94 127 10 101 139 69 29 30 77 102 193 54 70 194 63 135 4 6 46 128 140 78 64 136 2 3 5 6 9 12 27 28 39 40 47 48 51 52 57 58 60 61 69 71 77 78 89 90 93 94 99 103 108 114 127 139 213 217 223 227
195	3 5 41 43 31 42 53 44 51 45 54 46 135 119 4 6 32 52 136 120 2 3 9 12 29 32 35 36 37 38 39 40 45 46 47 48 87 88 93 94 99 101 102 114 167 168 172 173 176 177 178 179 182 185 186 188 189 212 213 214 215 216 217 235
195	67 41 3 127 43 107 42 53 7 68 128 129 44 203 130 8 33 29 54 204 135 119 108 115 30 31 4 34 136 120 116 32 2 4 8 12 27 28 29 30 31 32 35 36 37 38 47 48 55 56 83 84 87 88 89 90 91 92 93 94 97 98 102 117 135 167 176 178 182 187 217 218 233 235
195	7 3 43 93 77 41 239 94 105 44 45 9 42 53 240 189 125 10 101 190 78 67 102 193 54 135 8 63 126 49 194 136 68 50 5 4 106 46 64 6 2 3 4 5 6 8 9 12 35 36 37 38 39 40 43 44 47 48 51 52 55 56 60 61 69 71 77 78 81 82 93 94 101 102 106 112 114 116 169 175 182 184 185 197 204 217 227 231
195	101 102 77 78 231
195	3 49 105 241 203 50 107 53 69 106 108 49 93 54 135 204 119 50 94 5 127 70 63 4 242 136 120 6 128 64 2 3 9 12 43 44 47 48 51 52 57 58 69 71 81 82 83 84 87 88 89 90 93 94 97 98 104 106 114 117 197 204 217 218 223 235
195	29 3 5 93 33 94 105 34 69 30 31 41 6 49 43 42 53 50 107 191 44 203 204 119 54 135 70 63 108 49 120 50 5 136 4 106 32 192 64 6 2 3 9 12 27 28 29 30 31 32 35 36 37 38 43 44 47 48 51 52 57 58 69 71 81 82 83 84 87 88 93 94 97 98 99 106 116 135 143 148 167 168 170 176 178 182 186 187 192 197 199 204 212 217 223 227 236
195	67 101 68 102 55 56 77 78 221 231
195	231 232
195	63 67 43 3 115 105 41 68 42 53 44 106 129 116 49 64 4 54 130 50 2 12 35 36 37 38 43 44 47 48 51 52 55 56 81 82 91 92 101 104 115 168 169 172 173 175 179 182 212
195	41 3 31 33 105 107 42 53 43 34 69 44 45 108 49 50 115 32 67 21 22 103 106 93 68 116 54 135 49 46 104 94 81 119 127 50 107 241 70 63 4 136 82 120 128 108 242 64 2 12 17 19 29 30 31 32 35 36 37 38 39 40 43 44 47 48 51 52 55 56 57 58 63 64 69 71 79 80 81 82 83 84 87 88 89 90 93 94 104 117 119 148 177 182 185 189 197 212 216 217 223 235
195	3 69 73 45 49 70 63 50 5 46 119 74 81 4 64 6 120 82 2 3 9 12 39 40 43 44 51 52 57 58 59 62 63 64 87 88 114 116 117 189 192 197 199 204 222 223
195	33 3 29 21 107 105 55 34 30 69 99 43 22 103 241 242 44 203 41 108 42 149 49 241 56 50 5 204 150 135 119 4 106 70 100 104 242 6 136 120 2 3 9 12 17 19 27 28 30 31 35 36 37 38 43 44 57 58 75 76 79 80 81 82 83 84 87 88 93 94 97 98 104 125 140 148 168 170 184 187 192 197 199 204 235
195	3 53 105 7 8 63 31 43 107 44 203 106 64 108 129 49 204 119 130 50 5 4 54 32 120 6 2 3 4 8 9 12 29 32 36 38 43 44 47 48 51 52 81 82 83 84 87 88 91 92 97 98 103 104 106 107 112 114 115 117 177 187 197 204 233
191	99 1 145 11 243 100 29 30 99 49 100 29 50 79 223 30 99 244 189 100 29 2 21 22 83 30 99 100 67 190 224 146 12 80 84 68 1 7 11 13 17 19 27 28 43 44 55 56 65 66 75 76 95 96 119 122 125 127 140 197 229 230
191	11 29 109 41 30 31 42 33 145 49 110 50 115 34 116 69 49 50 79 12 32 146 70 80 7 13 27 28 29 30 31 32 35 37 43 44 57 58 85 86 95 96 127 128 130 133 135 137 148 166 168 183 197
191	15 41 21 189 42 145 29 22 190 30 99 83 100 67 16 146 84 68 15 17 19 22 27 28 35 37 55 56 65 66 75 76 95 96 120 122 127 140 168 183 221 229
191	11 145 227 87 49 63 29 64 21 50 79 30 99 88 109 228 119 22 1 110 100 33 29 120 34 51 12 146 80 2 30 52 1 7 11 13 17 19 27 28 30 31 43 44 45 46 51 52 67 68 75 76 85 86 87 88 95 96 125 129 140 143 145 146 147 220 230
195	3 5 33 137 34 51 21 138 239 29 22 103 52 41 33 43 30 99 42 53 240 189 34 44 69 203 190 204 119 104 54 81 135 100 67 70 63 82 120 136 4 6 68 64 2 3 9 12 17 19 27 28 30 31 35 36 37 38 45 46 47 48 51 52 55 56 57 58 63 64 75 76 79 80 87 88 93 94 97 98 99 114 116 119 120 130 137 140 143 145 146 147 148 166 167 174 176 178 182 187 212 217 223 236
195	33 29 3 5 6 43 49 34 30 51 31 50 107 44 203 93 108 49 52 33 204 50 115 215 41 43 94 97 98 129 34 69 42 44 53 45 130 216 54 135 116 46 119 49 70 63 50 5 4 32 136 120 64 6 2 3 9 12 27 28 29 30 31 32 35 36 37 38 39 40 43 44 45 46 47 48 51 52 57 58 69 71 72 74 83 84 87 88 91 92 93 94 97 98 99 102 105 106 116 117 135 147 148 167 174 179 182 185 187 189 192 197 199 204 213 214 216 217 223 235
195	3 115 67 127 215 68 53 45 69 116 49 128 129 54 135 46 70 50 63 119 5 216 130 136 4 64 120 6 2 3 9 12 39 40 43 44 47 48 51 52 55 56 57 58 87 88 89 90 91 92 93 94 106 114 116 117 189 204 213 216 217 221 223 235
195	3 203 53 129 213 204 54 130 214 63 135 119 4 64 136 120 2 12 47 48 51 52 87 88 91 92 93 94 97 98 103 116 117 214 217 220 233 234 235 236
195	3 215 33 115 116 103 45 49 50 53 5 34 213 104 81 82 216 46 119 54 135 214 63 4 6 120 136 64 2 3 9 12 30 31 39 40 43 44 47 48 51 52 63 64 79 80 87 88 93 94 114 116 117 189 192 197 199 204 215 217 225
195	3 73 183 45 49 50 5 69 29 184 41 46 119 30 42 77 149 4 74 6 70 120 78 150 2 3 9 12 27 28 35 37 39 40 43 44 57 58 59 60 61 62 87 88 114 117 130 137 139 166 168 189 192 197 199 204
195	29 3 5 137 215 33 30 31 138 239 34 25 216 240 189 4 6 32 26 190 2 3 9 12 23 24 27 28 29 30 31 32 99 114 135
195	33 3 215 49 53 45 34 69 50 5 216 70 63 54 135 46 119 64 4 6 136 120 2 3 9 12 30 31 39 40 43 44 47 48 51 52 57 58 87 88 93 94 103 114 117 148 189 204 213 216 217 222 223 235
195	3 31 43 115 32 103 29 41 33 44 42 34 25 53 203 30 77 104 81 129 130 4 116 26 54 204 78 82 2 12 23 24 27 28 29 30 31 32 35 36 37 38 47 48 60 61 63 64 79 80 91 92 97 98 102 115 130 131 139 142 143 168 169 182 184 218 233
195	29 3 5 41 33 215 30 31 43 42 34 69 53 216 44 45 46 119 4 6 32 70 54 120 2 3 9 12 27 28 29 30 31 32 35 36 37 38 39 40 47 48 57 58 87 88 99 101 114 115 130 135 137 148 149 166 176 178 182 185 188 189 212 213
195	3 49 33 50 107 215 216 29 34 7 30 108 8 4 2 4 8 12 27 28 30 31 43 44 83 84 107 127 129 197
195	87 77 95 96 237 238 19 20 78 67 95 68 137 96 245 29 138 30 246 95 96 237 238 88 16 18 27 28 55 56 60 61 67 68 70 73 127 221 228
195	245 246 95 96 17 18 70 73 228
195	3 95 96 41 211 212 19 93 20 31 43 42 94 63 95 64 96 32 67 101 44 68 102 4 2 12 16 18 29 32 35 36 37 38 51 52 55 56 69 70 71 73 77 78 101 176 220 221 228 231
199	93 94 105 43 106 44 36 38 69 71 81 82 177 227
199	105 43 33 106 44 34 51 93 94 52 30 31 36 38 45 46 69 71 81 82 143 145 146 147 177 210 227
199	27 28 25 26 124
199	97 43 51 95 44 52 96 98 36 38 45 46 70 72 73 74 177 210 228
209	25 29 37 247 26 63 93 30 31 39 64 94 248 32 40 38 23 24 27 28 29 32 33 34 41 42 51 52 69 71 135 191
209	33 93 34 94 127 128 129 130 30 31 69 71 89 90 91 92 143 227 233
210	31 127 32 128 29 32 89 90 142
209	31 93 7 94 127 8 63 23 24 64 128 32 4 8 20 21 29 32 51 52 69 71 89 90 107 112 123 220 227
209	33 31 103 34 7 127 8 104 128 32 4 8 29 30 31 32 79 80 89 90 107 143
210	29 137 30 138 27 28 127
210	49 50 43 44 197
191	11 229 49 99 100 67 50 79 230 68 135 80 21 23 136 33 29 24 34 51 22 73 30 27 74 103 12 52 28 104 7 13 17 19 20 21 25 26 27 28 30 31 43 44 45 46 55 56 59 62 75 76 79 80 93 94 120 122 123 129 134 143 145 146 147 197 221 229 234
195	7 95 96 211 212 8 4 8 70 73 228
195	7 29 95 129 8 96 63 17 18 19 20 41 130 43 30 31 64 42 53 225 44 32 226 54 4 8 16 18 27 28 29 32 35 36 37 38 47 48 51 52 70 73 91 92 107 112 135 137 149 166 167 174 176 179 182 186 211 212 228
195	25 137 31 138 239 240 189 26 63 93 41 43 190 95 94 105 96 237 42 53 44 203 54 238 204 19 106 32 64 20 16 18 23 24 29 32 35 36 37 38 47 48 51 52 69 70 71 73 81 82 97 98 167 179 182 186 187 212 214 218 228 236
195	41 42 35 37 168
195	33 34 7 41 42 8 4 8 30 31 35 37 107 143 144 168
195	77 78 29 41 30 42 101 102 27 28 35 37 60 61 77 78 127 130 131 137 166 168 224 231
195	21 95 96 17 22 18 41 95 96 241 242 95 96 17 42 18 19 20 16 17 18 19 35 37 70 73 119 228
195	31 41 95 96 85 17 42 145 146 135 86 18 227 95 96 136 228 32 29 32 35 37 70 73 93 94 95 96 183 228
195	29 21 97 3 43 41 95 96 17 22 42 83 145 44 227 30 146 41 228 119 18 84 95 96 241 120 42 53 242 98 4 54 2 12 17 19 27 28 35 36 37 38 47 48 65 66 70 72 73 74 87 88 95 96 101 102 115 125 175 179 182 183 214 228
195	3 241 53 43 35 44 36 54 4 242 2 12 36 38 47 48 102 103 177 186 212 215
195	31 105 5 95 96 17 106 25 93 18 43 95 94 97 96 241 41 44 45 26 42 63 53 32 64 98 54 135 46 6 242 136 3 9 23 24 29 32 35 36 37 38 39 40 47 48 51 52 69 70 71 72 73 74 81 82 93 94 149 168 169 182 184 185 211 214 216 217 220 227 228 234
195	49 3 27 50 5 205 28 29 25 30 206 26 4 6 2 3 9 12 23 24 25 26 27 28 43 44 99 114 124 127 192 197 199 204
195	41 93 42 94 97 98 35 37 69 71 72 74 168 227
195	43 3 97 53 44 45 54 98 4 46 2 12 36 38 39 40 47 48 72 74 103 177 178 185 186 188 212 213 214 215 216
195	97 53 203 98 93 54 94 105 204 106 47 48 69 71 72 74 81 82 97 98 214 218 227
195	53 45 54 46 39 40 47 48 188 213 214 216
195	43 3 53 44 203 27 54 204 28 4 2 12 25 26 36 38 47 48 97 98 103 124 177 178 186 187 212 214 215 218 236
195	87 7 107 43 8 63 41 88 3 108 44 45 5 42 53 6 225 46 54 64 4 226 2 3 4 8 9 12 35 36 37 38 39 40 47 48 51 52 67 68 83 84 99 105 107 112 169 175 182 184 185 214 215
195	63 41 107 43 3 42 44 149 108 5 6 4 150 64 2 3 9 12 35 36 37 38 51 52 83 84 105 106 116 167 168 176 177 179
195	3 107 149 45 108 49 50 5 150 4 6 46 2 3 9 12 39 40 43 44 83 84 105 106 114 192 197 199 204
195	43 41 95 93 96 241 94 105 42 53 101 44 45 54 106 242 102 46 35 36 37 38 39 40 47 48 69 70 71 73 77 78 81 82 175 179 182 185 186 212 213 214 216 227 228
195	21 127 22 137 128 138 17 19 89 90 119
195	101 3 97 43 99 53 73 4 44 45 102 54 100 74 98 46 2 12 36 38 39 40 47 48 59 62 72 74 75 76 77 78 102 103 115 178 185 186 212 213 216
195	3 31 53 45 32 4 54 46 2 12 29 32 39 40 47 48 103 115 142 149 188 211 213 214 216
195	25 26 63 149 45 150 135 46 136 64 23 24 39 40 51 52 93 94 188 234
195	11 35 149 77 45 12 46 36 78 150 7 13 39 40 60 61 188
195	21 43 53 31 44 203 22 83 54 32 84 204 17 19 29 32 36 38 47 48 65 66 97 98 177 178 186 187 212 218 226
195	107 3 108 4 2 12 83 84 100
195	29 3 107 43 97 30 31 95 53 96 241 32 44 45 54 98 4 108 46 242 2 12 27 28 29 32 36 38 39 40 47 48 70 72 73 74 83 84 102 135 149 174 185 186 211 212 215 216 228
195	87 5 53 31 45 83 32 88 109 46 6 54 84 110 3 9 29 32 39 40 47 48 65 66 67 68 85 86 142 211 213
195	1 203 2 204 1 11 97 98 236
195	21 53 27 22 83 84 54 28 17 19 25 26 47 48 65 66 119 226
195	83 53 203 109 84 204 54 110 47 48 65 66 85 86 97 98 226 232 236
195	3 5 105 53 203 83 106 84 4 6 54 204 2 3 9 12 47 48 65 66 81 82 97 98 99 103 104 114 115 218 226
195	3 83 4 84 2 12 65 66 100 226
195	3 107 21 149 150 135 22 136 103 104 4 108 2 12 17 19 79 80 83 84 93 94 119 234
195	101 3 97 43 25 26 63 53 77 44 203 4 204 102 54 135 98 64 78 136 2 12 23 24 36 38 47 48 51 52 60 61 72 74 77 78 93 94 97 98 102 115 178 187 212 217 234 236
199	5 69 41 70 43 42 149 103 44 150 135 136 6 104 3 9 35 36 37 38 57 58 79 80 93 94 167 168 176 177 179 222 234
195	101 3 4 109 110 102 2 12 77 78 85 86 100 232
195	3 105 21 53 43 22 1 31 4 44 45 87 32 2 81 54 46 106 88 82 1 2 11 12 17 19 29 32 36 38 39 40 47 48 63 64 67 68 81 82 102 103 104 119 149 185 216
218	9 29 41 30 99 10 11 100 67 68 29 42 30 12 5 6 7 13 27 28 35 37 55 56 75 76 109 127 130 131 140 166 221 229 230
191	11 67 68 21 29 145 30 99 49 93 65 75 12 15 22 76 1 55 50 94 66 63 43 100 146 2 29 135 21 64 136 22 56 59 30 16 60 44 1 7 11 13 15 17 19 22 27 28 36 38 43 44 51 52 53 54 55 56 69 71 75 76 93 94 95 96 119 120 122 125 127 140 221 230 234
218	43 33 29 44 34 30 27 28 30 31 36 38 127 129 143 177
218	63 23 21 24 41 64 42 22 103 104 17 19 20 21 35 37 51 52 79 80 123 168
218	65 11 43 49 41 50 66 44 227 42 145 228 12 146 7 13 35 36 37 38 43 44 53 54 95 96 169 171 175 183 184 196 197 208
191	11 43 49 41 50 44 227 42 145 228 12 146 7 13 35 36 37 38 43 44 95 96 168 169 171 175 177 183 184 196 197 208
191	11 43 44 45 46 119 23 67 129 12 120 24 68 130 7 13 20 21 36 38 39 40 55 56 87 88 91 92 177 185 188 189
218	31 51 15 52 63 32 29 64 30 16 15 22 27 28 29 32 45 46 51 52 127 210 220
191	63 29 64 30 27 28 51 52 127 220
191	135 11 21 43 29 136 22 73 30 31 44 45 74 81 93 32 67 46 119 94 105 23 12 82 68 120 106 24 7 13 17 19 20 21 27 28 29 32 36 38 39 40 55 56 59 62 63 64 69 71 81 82 87 88 93 94 119 120 122 127 135 185 189
218	41 31 21 43 49 105 42 145 51 106 129 50 39 32 130 22 44 146 52 40 17 19 29 32 34 35 36 37 38 42 43 44 45 46 81 82 91 92 95 96 160 167 170 176 183 207 233
218	37 39 29 7 8 63 30 64 38 40 4 8 27 28 33 34 41 42 51 52 107 112 127 138 150 152 161 190 220
218	41 163 43 164 103 42 44 104 81 101 82 102 35 36 37 38 63 64 77 78 79 80 167 176 177 179 225 231
191	101 102 77 78 231
191	101 21 43 105 3 31 22 73 106 93 94 127 44 203 23 204 119 74 81 102 4 32 128 24 120 82 2 12 17 19 20 21 29 32 36 38 59 62 63 64 69 71 77 78 81 82 87 88 89 90 97 98 117 187 227 236
218	67 11 147 93 227 49 68 148 94 50 225 97 29 91 30 27 226 49 92 28 98 50 228 12 7 13 25 26 27 28 43 44 55 56 69 71 72 74 124 126 127 132 134 197
191	225 97 29 91 30 27 226 49 92 28 98 50 25 26 27 28 43 44 72 74 124 126 127 132 134 197
218	33 39 93 40 49 94 105 34 50 5 6 106 3 9 30 31 34 42 43 44 69 71 81 82 105 165 197 204 227
191	117 5 6 49 93 118 50 29 65 107 94 43 97 30 66 99 3 63 41 42 229 44 64 45 230 135 100 21 29 136 30 27 33 22 103 108 34 51 49 46 119 50 5 98 4 28 104 52 120 6 2 3 9 12 17 19 25 26 27 28 30 31 35 36 37 38 39 40 43 44 45 46 51 52 53 54 69 71 72 74 75 76 79 80 83 84 87 88 93 94 101 105 106 117 120 126 127 132 134 140 143 147 168 169 174 179 185 189 192 197 199 204 230 234
218	31 161 39 162 147 40 32 148 29 32 34 42 165
209	51 235 52 236 45 46 210
210	29 49 37 50 39 30 31 38 109 40 32 110 27 28 29 32 33 34 41 42 43 44 85 86 135 138 142 151 152 157 162 164 190 195 197 202 207 232
210	65 49 21 66 50 37 39 22 73 74 38 40 17 19 33 34 41 42 43 44 53 54 59 62 121 152 160 164 190 197 207
209	25 49 37 50 39 29 21 26 33 40 23 75 30 24 76 31 249 22 34 69 73 49 70 50 39 32 38 250 74 40 17 19 20 21 23 24 27 28 29 30 31 32 33 34 41 42 43 44 57 58 59 62 123 125 135 148 150 152 157 161 164 190 195 197 202 207 222
195	23 65 43 24 129 66 37 44 45 130 38 46 20 21 33 36 38 39 40 41 53 54 91 92 123 154 185 188
195	53 43 44 203 54 204 36 38 47 48 97 98 177 186 187 212 214 218 236
