0 0 0  #SUP: 3070.801068921457
28 28 28  #SUP: 2772.5615775980405
90 90 90  #SUP: 2143.4848353809793
76 76 76  #SUP: 2078.5590793977026
55 55 55  #SUP: 1938.0994684336474
41 41 41  #SUP: 1922.2465890608728
89 89 89  #SUP: 1744.617770451703
54 54 54  #SUP: 1633.9589146872167
33 33 33  #SUP: 1213.0940304482938
81 81 81  #SUP: 1148.6354732916807
75 75  #SUP: 1062.3930207763333
91 91  #SUP: 933.4578727147309
68 68 68  #SUP: 928.3771008730982
58 58  #SUP: 788.854092960537
20 20 20  #SUP: 770.1671375160222
88 88  #SUP: 766.74640209059
92 92 92  #SUP: 700.6425950300181
14 14 14  #SUP: 692.4729314426659
80 80 80  #SUP: 656.5727812786354
70 70 70  #SUP: 636.9366547807003
39 39  #SUP: 613.7791203326778
10 10 10  #SUP: 586.1485484410659
59 59  #SUP: 544.1202131935279
52 52 52  #SUP: 536.5725757810287
17 17  #SUP: 511.0136273922981
61 61  #SUP: 472.08004584902665
7 7  #SUP: 450.68404894840205
64 64  #SUP: 426.2794003149029
87 87 87  #SUP: 414.8288081344217
46 46  #SUP: 412.0614488896681
53 53 53  #SUP: 386.5759098234703
65 65  #SUP: 366.8928642414976
25 25 25  #SUP: 348.1845396287972
6 6 6  #SUP: 326.03505024674814
84 84  #SUP: 309.4985956061864
26 26  #SUP: 301.1372475438402
22 22 22  #SUP: 296.68717045057565
9 9  #SUP: 262.428168053797
15 15  #SUP: 256.3509352836991
29 29  #SUP: 243.9187443878036
71 18  #SUP: 230.60656085866503
50 50  #SUP: 222.58903475949774
32 32 1 1  #SUP: 221.13377535971813
23 23 1 1  #SUP: 205.55161097220844
57 57 57  #SUP: 200.866603012837
86 86  #SUP: 198.1583469560719
73 73  #SUP: 197.52466783853015
5 5 5  #SUP: 189.43443935213145
82 82  #SUP: 184.06677528866567
37 37  #SUP: 177.00231917470228
29 93 1 1  #SUP: 176.36198542267084
15 35 25  #SUP: 161.56162680551643
93 93  #SUP: 150.83817714778706
40 40 40  #SUP: 144.31063065410126
62 62  #SUP: 131.97645983553957
89 89 90  #SUP: 131.01340835442534
83 83  #SUP: 122.33729039039463
11 11  #SUP: 116.97407872544136
28 28  #SUP: 116.3384805554524
19 19  #SUP: 112.65881632210221
72 72  #SUP: 105.17205378250219
68 68 92  #SUP: 98.97145952680148
16 16  #SUP: 93.73112843604758
26 32 88 1 1 1  #SUP: 92.60610234097112
56 13  #SUP: 88.9831360533135
36 36  #SUP: 88.63981842744397
58 88 7 1 1 1 1  #SUP: 86.97200488834642
80 80  #SUP: 76.22901870537316
55 55  #SUP: 74.20124182256404
71 21  #SUP: 69.91110882349312
7 32 1  #SUP: 67.90224959200714
56 27 1  #SUP: 63.6086514525814
17 7 1 1 1  #SUP: 57.112041851331014
12 12 1  #SUP: 46.137235433096066
7 88  #SUP: 42.22278536943486
70 70  #SUP: 41.574850254750345
93 60  #SUP: 40.488495971192606
13 93  #SUP: 41.01064426073572
70 35  #SUP: 33.534276786784176
32 77 1  #SUP: 29.38046788185602
42 1 57 26  #SUP: 57.75216215418186
61 26 80 67  #SUP: 94.2148812863743
41 89  #SUP: 27.020917136978824
85 18  #SUP: 26.84005022555357
55 28  #SUP: 23.856175545603037
14 14  #SUP: 18.74032853229437
57 57  #SUP: 17.1783875527326
85 17  #SUP: 11.455504647747148
59 3  #SUP: 7.222467263462022
53 59 93 1 1  #SUP: 26.797200248925947
70 15  #SUP: 6.330006690637674
61 35  #SUP: 5.259957880247384
61 50 67  #SUP: 20.567297717847396
26 32  #SUP: 5.1812532328185625
7 36  #SUP: 3.413478717498947
72 66  #SUP: 2.6657402584678493
9 77  #SUP: 0.12366663542343304
16 2  #SUP: 0.0705545826931484
