1	1 3 5 7 9 15 17 19 21 23 25 29 31 33 10 11 26 27 28 12 13 30 27 28 32 16 18 20 2 4 6 8 14 22 24 34 1 2 3 4 5 6 7 8 9 10 11 12 13 14 15 16 17 18 19 20 21 22 23 24 25 26 27 28 29 30 31 32 33 34 155 156 157 158 159 162 163 164 168 176 182 187 199 207 208 212 220 234 235 239 240 254
1	35 9 37 39 41 10 11 12 36 38 40 42 5 15 16 20 35 36 37 38 39 40 41 42 261 266
1	5 45 23 47 49 11 46 24 48 50 43 6 35 44 17 12 29 9 30 36 10 18 3 5 7 10 12 15 16 20 22 25 29 33 35 39 43 44 45 46 47 48 49 50 185 241 258 269 270 275 276 279 280 284 285 286
1	1 5 53 13 55 14 11 57 6 51 56 43 58 44 17 12 18 43 44 2 52 54 1 3 7 16 20 21 25 27 29 31 49 50 51 52 53 54 55 56 57 58 148 228 291 307
1	35 59 61 63 45 49 27 65 67 68 11 67 47 68 66 31 46 21 23 32 36 5 12 13 48 6 14 60 62 64 22 24 50 28 3 9 10 13 16 18 19 20 21 23 29 31 32 33 35 39 43 44 45 46 47 48 59 60 61 62 63 64 65 66 67 68 182 246 247 248 249 250 251 252 253 254 256 257 258 262 270 276 283 287 317 318 319 320 323 327 331 332 335 338
1	35 9 15 69 19 37 39 41 25 31 73 10 11 17 18 36 38 42 45 26 32 71 67 75 40 12 72 68 76 16 70 20 46 74 5 6 7 8 11 13 15 16 17 20 23 24 25 26 35 36 37 38 39 40 41 42 43 46 63 64 69 70 71 72 73 74 75 76 158 159 160 162 164 165 171 208 210 215 261 266 325 328 341 351 353 355 361 362 364 368
1	59 61 63 21 79 11 22 77 65 12 45 78 47 48 46 60 62 64 66 80 9 16 20 32 43 44 46 47 59 60 61 62 65 66 67 68 77 78 79 80 183 269 271 276 277 317 318 319 320 331 332 335 338
1	81 15 69 17 19 67 45 83 46 11 45 7 46 12 68 31 8 82 16 70 84 18 20 32 4 6 7 8 13 16 20 23 24 25 26 30 43 46 63 64 69 75 81 82 83 84 163 164 165 168 170 171 173 176 207 208 210 211 212 214 215 216 217 218 219 220 244 271 327 340 341 344 367 368 371 372 374 379 380
1	67 77 11 78 47 65 45 48 46 12 47 21 48 22 66 68 9 16 20 32 43 44 46 47 62 63 64 65 78 79 183 269 271 274 276 277 283 284
1	37 25 31 38 11 45 85 49 46 86 50 12 26 32 11 13 16 17 20 23 36 40 43 45 46 48 267 270 271 273 279 281 285
1	87 35 89 71 73 67 75 11 12 68 76 88 36 90 72 74 16 20 35 39 63 64 70 71 72 73 74 76 85 86 87 88 260 265 325 328 347 348 351 352 353 355 356 363 388
1	51 91 27 65 45 49 47 67 46 21 93 11 48 94 47 39 48 40 47 66 23 52 5 12 48 6 92 22 24 50 28 68 3 9 10 16 18 19 20 29 32 33 37 41 43 44 45 46 47 48 54 57 62 63 64 65 89 90 91 92 242 253 254 256 257 258 269 270 271 273 274 276 277 278 279 283 284 287 401
1	95 11 12 96 16 20
1	17 11 18 55 57 5 58 29 12 13 30 71 73 75 72 76 6 14 56 74 3 7 12 16 20 21 22 25 29 31 52 53 55 56 70 71 72 73 74 76 348 352 353 356 362
1	51 9 81 83 57 10 11 84 52 82 97 89 90 12 13 98 65 83 53 54 14 84 58 66 5 15 16 20 21 31 51 53 54 56 57 58 62 65 81 82 83 84 86 88 192 292 304 308 311 392
1	99 29 31 9 100 10 99 11 101 102 12 13 100 14 30 32 5 12 13 15 16 20 21 22 23 31
2	87 115 71 73 75 113 107 109 111 53 72 76 103 54 88 89 1 90 104 105 108 110 112 114 106 2 116 74 1 27 51 58 70 71 72 73 74 76 85 86 87 88 93 94 95 96 97 98 99 100 101 102 103 104 105 106 292 313 348 349 350 352 353 354 356 357 358 362 392 393 404 406 407 408 416 417 418 419 425 426 429 435 438 445 459 460 461 464 465 466 467 472 473 475 477 479 492 493 503
2	117 113 107 109 111 118 108 110 112 114 94 95 96 97 101 102 103 104 107 108 406 407 408 410 416 417 418 419 425 426 429 435 459 460 461 464 465 466 467 472 473 475 477
2	119 123 5 7 113 133 135 137 121 127 124 125 131 128 65 129 134 136 138 83 132 114 139 120 122 126 6 8 130 140 84 66 3 4 29 30 62 65 82 84 94 104 109 110 111 112 113 114 115 116 117 118 119 120 121 122 123 124 125 126 127 128 129 130 240 245 411 412 413 420 421 422 423 496 497 498 526 527 534 546 561 574 575 581 585 588 591 594 611 619
2	103 1 3 51 53 127 115 21 23 47 49 73 25 74 22 24 45 52 113 26 133 135 137 27 39 46 57 21 104 2 58 117 4 40 73 125 141 28 25 23 26 24 27 134 136 138 114 54 39 7 28 40 25 23 26 24 118 142 126 8 128 116 22 48 50 74 1 2 4 9 10 11 17 18 19 27 28 30 32 33 37 41 43 44 45 46 47 48 51 53 54 56 57 58 70 76 93 94 98 99 104 106 107 108 111 112 113 115 117 119 121 122 123 128 131 132 148 182 184 185 186 196 237 254 255 256 272 275 283 286 309 411 412 413 420 421 422 423 438 441 446 487 515 526 527 534 546 573 574 575 580 581 582 583 585 588 591 594
2	121 87 3 53 13 37 39 77 41 113 4 107 109 111 125 88 141 122 142 105 108 110 112 143 114 38 40 42 106 126 54 144 14 78 2 21 28 31 36 37 38 40 41 42 51 58 78 79 85 87 94 95 96 97 100 101 102 103 104 105 114 117 127 128 131 132 133 134 237 261 266 291 311 381 385 386 396 399 406 407 408 416 417 418 419 425 426 429 435 459 460 461 464 465 466 467 472 473 475 477 484 492 613 625
2	103 3 5 7 115 23 47 15 19 104 117 113 135 137 133 118 16 20 105 8 53 139 106 117 54 7 141 118 134 136 138 103 145 147 8 140 53 48 114 65 66 146 148 104 142 4 6 54 116 24 2 3 4 6 8 10 24 26 28 29 30 33 44 47 51 58 62 65 93 94 98 99 100 104 105 106 107 108 111 112 113 121 122 123 125 130 131 132 155 156 164 167 169 178 180 185 208 234 243 245 292 309 314 410 411 412 413 423 443 446 454 506 514 517 518 525 545 546 557 574 575 581 588 620 622 623 624 626 627 628 629 631
2	149 117 1 125 89 9 151 133 135 137 113 90 53 91 65 81 152 129 2 130 151 134 136 138 114 152 150 118 126 54 10 92 82 66 1 5 15 27 51 58 62 65 81 83 86 88 89 92 94 104 107 108 111 112 113 117 120 121 122 123 128 129 135 136 137 138 150 153 192 193 194 400 401 402 403 404 494 498 500 513 515 523 526 527 533 534 535 536 541 546 550 552 555 556 568 569 573 574 575 580 581 582 583 585 588 591 594 599 602 618 633 639
2	153 105 123 89 143 115 113 133 135 137 43 144 124 106 44 121 55 134 136 138 114 154 122 90 116 56 49 50 52 55 86 88 93 94 100 104 105 106 110 111 112 113 114 116 121 122 123 127 133 134 139 140 411 412 413 420 421 422 423 453 455 490 493 497 501 507 509 521 526 527 534 546 558 573 574 575 580 581 582 583 585 588 591 594 596 600
2	105 53 13 43 21 49 22 50 113 21 49 133 135 137 22 50 44 141 59 61 63 49 50 142 54 106 134 136 138 121 114 122 14 60 62 64 9 21 31 32 45 48 49 50 51 58 59 60 61 66 67 68 94 100 104 105 111 112 113 114 121 122 123 127 131 132 183 184 246 247 248 249 250 251 252 256 278 281 282 291 314 315 317 318 319 320 323 331 332 335 338 411 412 420 482 488 497 507 509 510 526 527 534 546 573 574 575 580 581 582 583 585 588 591 594 596 600
2	117 5 151 27 57 79 3 152 113 133 135 137 118 105 80 17 67 89 106 91 81 103 90 58 73 104 7 105 139 83 28 25 134 136 138 147 106 114 26 68 18 4 6 8 148 92 82 140 84 74 2 3 4 7 11 17 18 19 25 28 29 30 53 56 63 64 70 76 77 80 81 82 83 84 86 88 89 92 94 98 99 100 104 105 107 108 111 112 113 121 122 123 125 130 136 137 196 234 235 239 240 242 244 245 298 377 378 402 403 410 411 412 413 420 421 422 423 440 445 453 480 505 518 525 526 527 534 545 546 557 574 575 581 585 586 588 591 594 595 605 619 635 636 637 638 640 641 642 643 644
2	125 35 95 155 97 31 113 133 135 137 1 96 91 156 81 98 65 36 83 51 126 105 134 136 138 114 106 2 52 92 82 84 66 32 1 13 23 27 35 39 54 57 62 65 81 82 83 84 89 92 94 100 104 105 111 112 113 117 121 122 123 128 188 189 228 263 377 401 402 403 411 412 413 420 421 422 423 458 479 486 492 503 504 526 527 534 540 546 549 555 565 573 574 575 580 581 582 583 585 586 588 591 594 595
2	103 87 95 155 59 61 63 157 113 133 135 137 104 96 91 156 158 81 65 117 118 105 106 103 66 71 23 104 139 72 27 134 136 138 140 88 28 1 114 25 26 2 92 82 60 62 64 24 1 10 11 17 18 19 27 33 59 60 61 62 65 66 67 68 71 73 81 83 85 87 89 92 94 98 99 100 104 105 107 108 111 112 113 121 122 123 125 130 147 151 186 317 318 319 320 321 322 324 331 332 335 338 387 393 401 402 403 411 412 413 420 421 422 423 439 440 447 454 479 505 514 517 518 526 527 534 540 546 549 555 574 575 576 581 588 589 592 597 605 606 608 620
2	87 123 15 69 19 47 25 26 48 133 135 137 113 45 31 124 3 17 46 41 32 71 67 75 18 83 55 134 136 138 139 56 114 17 68 72 76 88 4 140 16 70 84 18 20 42 2 6 7 8 11 13 17 23 24 25 26 28 38 42 43 44 46 47 52 55 63 64 69 71 72 73 74 75 82 84 85 87 94 104 110 111 112 113 116 121 122 123 125 130 164 165 171 186 207 208 210 211 212 214 215 216 217 218 219 220 233 236 238 277 325 328 341 351 353 355 362 367 368 371 372 374 377 378 379 380 384 394 523 526 527 533 534 535 536 541 546 550 556 559 574 575 581 585 588 591 594 619
2	117 1 125 35 89 59 61 63 49 36 51 45 113 52 107 109 111 35 46 90 2 53 37 60 62 64 15 19 69 141 50 41 54 36 89 118 51 105 142 38 42 49 126 3 90 53 151 50 37 41 108 110 112 114 38 42 106 4 52 54 152 16 70 20 1 2 6 8 24 26 27 28 35 36 38 39 40 42 43 45 46 48 51 54 57 58 59 60 61 66 67 68 69 75 86 88 94 95 96 97 100 101 102 103 104 105 107 108 117 128 131 132 136 137 150 153 164 165 208 210 215 233 259 260 261 263 266 267 268 272 282 288 289 290 296 300 305 306 307 310 312 313 316 317 318 319 320 323 331 332 335 338 368 400 405 406 407 408 416 417 418 419 425 426 429 435 459 460 461 464 465 466 467 472 473 475 477 480 484 492 504 513 515 518 565 567 568 615
2	117 123 7 129 59 61 63 23 47 67 113 133 135 137 124 118 105 65 139 68 31 136 138 134 145 147 140 114 66 60 64 32 79 106 8 130 146 148 62 24 48 80 4 10 13 23 30 33 44 47 59 60 61 62 63 64 65 66 67 68 77 80 94 100 104 105 107 108 110 111 112 113 116 120 121 122 123 125 129 130 185 317 318 319 320 324 326 327 332 411 412 413 420 421 422 423 488 518 525 526 527 534 545 546 557 573 576 587 588 597 606 607 610 620
2	103 53 151 69 43 37 39 41 71 73 75 152 133 135 137 113 44 17 91 83 81 104 117 1 118 54 7 70 84 2 61 117 18 38 42 40 49 21 118 8 134 138 136 114 22 45 92 82 62 46 50 72 74 76 1 4 7 9 25 27 30 32 36 37 38 40 41 42 43 45 46 48 49 50 51 58 60 67 69 70 71 72 73 74 75 76 81 82 83 84 89 92 94 98 99 104 107 108 111 112 113 121 122 123 136 137 149 261 266 267 268 271 278 285 296 309 312 348 352 353 356 359 362 363 365 370 371 375 379 402 403 443 446 514 523 526 527 533 534 535 536 541 546 550 555 556 573 574 575 580 583 585 594 635 636 637 638 643 644
2	95 155 37 41 27 57 113 133 135 137 96 91 156 65 81 43 58 66 73 7 44 139 83 17 134 136 138 114 28 8 92 82 140 84 18 38 42 74 4 7 18 19 25 30 36 38 40 42 49 50 53 56 62 65 70 76 81 82 83 84 89 92 94 104 111 112 113 121 122 123 125 130 196 197 244 245 261 266 298 299 304 377 378 379 401 402 403 411 412 413 420 421 422 423 481 526 527 534 540 546 549 555 573 574 575 580 581 582 583 585 588 591 594 605 606 608 619
2	89 115 159 97 55 49 57 47 90 7 45 113 133 135 137 46 103 45 141 98 83 58 104 46 48 50 105 25 26 160 139 134 136 138 106 114 103 104 142 8 116 140 84 56 4 11 17 30 43 44 45 46 47 48 52 53 55 56 82 84 86 88 93 94 98 99 100 104 105 106 111 112 113 121 122 123 125 130 131 132 186 245 272 284 285 286 411 412 413 420 421 422 423 440 445 481 491 499 505 526 527 534 542 546 573 574 575 580 581 582 583 585 586 588 591 594 595 605 606 607 608 609 610 619
2	105 87 123 51 89 9 17 52 90 35 133 135 137 113 106 103 36 51 104 88 105 1 2 141 134 136 138 114 106 142 124 52 10 18 1 5 7 15 25 27 35 39 54 57 85 86 87 88 94 98 99 100 104 105 110 111 112 113 116 121 122 123 131 132 147 154 232 263 300 301 306 308 383 388 392 393 396 399 409 440 441 444 445 449 450 452 453 455 458 486 492 495 499 502 504 505 508 521 523 526 527 533 534 535 536 541 542 543 546 550 556 560 573 574 575 580 581 582 583 585 586 588 591 594 595 598 601 622 623 624 626 627 628 629
2	103 87 125 5 13 59 61 55 63 79 113 133 135 137 104 80 117 126 123 118 124 125 105 6 106 88 35 103 1 36 51 126 104 3 2 141 52 134 136 138 114 142 4 14 60 62 56 64 1 2 3 21 27 28 29 31 35 39 52 54 55 57 59 60 61 66 67 68 77 80 85 87 94 98 99 100 104 105 107 108 110 111 112 113 116 117 121 122 123 128 131 132 228 232 241 246 247 248 249 250 251 252 263 302 317 318 319 320 321 322 324 330 331 332 333 334 335 336 337 338 339 382 385 387 391 393 411 412 413 420 421 422 423 438 439 441 446 448 454 480 482 488 499 505 514 518 522 526 527 534 544 546 561 562 567 573 574 575 580 581 582 583 585 588 591 594 598 601 615 617 622 623 624 626 627 628 629 631
2	1 125 7 151 115 15 69 17 19 45 152 113 133 135 137 2 46 87 8 53 21 47 23 54 70 16 18 20 59 61 63 88 141 139 60 64 126 134 15 19 136 138 31 142 65 1 140 16 20 114 59 63 66 2 60 64 116 62 22 24 48 32 1 4 6 7 8 9 10 13 23 24 25 26 27 30 32 33 43 44 46 47 51 58 59 60 61 62 65 66 67 68 69 75 85 87 93 94 104 106 111 112 113 117 121 122 123 125 128 130 131 132 136 137 151 153 163 164 165 168 170 171 173 176 178 179 181 182 207 208 209 212 213 220 221 222 223 224 225 226 227 229 243 254 255 272 283 292 310 312 317 318 319 320 331 332 340 341 344 367 368 369 372 373 386 399 411 412 413 420 421 422 423 479 526 527 534 539 546 554 563 569 574 575 581 588 598 605 620 630 635 636 637 638 640 641 642 643 644
2	1 143 9 69 67 53 2 87 133 135 137 113 54 144 7 131 88 1 132 143 121 2 141 68 139 83 134 136 138 114 140 122 142 8 144 10 70 84 1 4 5 15 27 30 51 58 63 64 69 75 82 84 85 87 94 104 111 112 113 114 118 121 122 123 124 125 127 130 131 132 133 134 147 160 229 232 294 295 309 371 377 378 390 393 397 414 481 497 499 523 526 527 533 534 535 536 538 541 546 548 550 553 556 570 573 574 575 576 580 581 582 583 585 588 589 591 592 594 596 597 598 600 601 603 605 606 607 608 609 610 622
2	105 87 89 115 59 61 63 25 26 71 75 113 107 109 111 72 76 27 33 90 88 1 106 108 112 110 114 151 152 2 116 60 62 64 28 34 1 11 14 17 18 19 27 34 59 60 61 66 67 68 71 72 73 74 85 86 87 88 93 94 95 96 97 100 101 102 103 104 105 106 136 137 186 195 200 317 318 319 320 331 332 335 338 353 354 357 358 362 366 387 388 393 406 407 408 416 417 418 419 425 426 429 435 451 452 453 459 460 461 465 467 473 477 479 493 634
2	119 87 13 15 69 17 19 113 133 135 137 18 121 16 70 20 59 61 63 3 4 122 125 88 134 138 136 114 120 126 14 60 62 64 2 6 7 8 21 24 25 26 28 31 59 60 61 66 67 68 69 75 85 87 94 104 109 111 112 113 114 117 121 122 123 126 127 128 163 164 165 167 168 169 170 171 173 176 178 179 180 181 203 204 205 208 209 210 213 215 220 221 222 223 224 225 226 227 237 246 247 248 249 250 251 252 317 318 319 320 331 332 335 338 340 341 343 344 345 368 369 370 373 384 385 411 412 413 420 421 422 423 482 488 496 498 526 527 534 546 573 574 575 580 583 585 594
2	123 15 101 19 113 133 137 135 16 102 20 59 61 63 1 134 136 138 114 2 124 60 62 64 1 6 8 24 26 27 59 60 61 66 67 68 94 104 110 111 112 113 116 121 122 123 151 154 164 167 169 178 179 180 181 208 209 213 221 222 223 224 225 226 227 230 317 318 319 320 331 332 335 338 411 412 413 420 421 479 488 495 526 527 571 573 574 575 580 581 582 583 585 588 591 594
2	103 141 125 143 104 113 107 111 109 151 142 87 88 144 141 51 47 52 49 142 35 45 1 152 48 46 77 50 108 110 112 114 78 45 47 49 46 48 50 2 126 36 1 27 35 39 43 44 45 46 47 48 54 57 78 79 85 87 94 95 96 97 98 99 101 102 103 104 117 128 131 132 133 134 136 137 231 269 270 271 273 275 276 277 279 280 281 284 285 286 300 306 389 399 406 407 408 416 417 425 426 440 459 460 461 464 465 466 467 472 473 475 477 616 621 632
2	87 123 5 53 13 133 137 113 135 124 125 6 54 51 126 123 83 88 1 124 3 4 123 134 136 138 114 2 124 52 14 84 1 2 3 21 27 28 29 31 51 54 57 58 82 84 85 87 94 104 110 111 112 113 116 117 121 122 123 128 152 228 230 291 293 294 382 385 386 393 394 412 479 482 486 495 502 522 523 526 527 529 536 538 556 559 560 561 566 571 573 574 575 580 581 582 583 585 588 591 594 614 617
2	149 87 125 5 9 31 113 133 135 137 32 79 126 123 6 45 49 46 50 91 65 81 80 88 1 136 138 134 114 150 2 124 10 92 82 66 1 3 5 13 15 23 27 29 43 45 46 48 62 65 77 80 81 83 85 87 89 92 94 104 110 111 112 113 116 117 121 122 123 128 135 138 151 154 161 188 189 192 193 194 230 270 271 273 279 281 285 382 383 391 393 401 402 403 411 412 413 420 421 422 423 479 495 500 526 527 534 546 562 564 571 573 585 587 588 591 594 599 602 617
2	103 87 125 143 13 113 133 135 137 126 123 79 104 117 118 103 35 36 51 144 80 67 134 136 138 114 104 88 124 52 14 68 21 31 35 39 54 57 63 64 77 80 85 87 94 98 99 104 107 108 110 111 112 113 116 117 121 122 123 128 133 134 263 385 390 391 411 412 413 420 421 422 423 439 444 446 486 489 491 495 502 514 517 526 527 534 546 560 573 574 575 580 581 582 583 585 588 591 594 617
2	105 1 125 5 115 29 31 151 113 2 133 137 87 152 135 6 30 106 35 73 103 89 32 71 75 36 126 5 3 134 136 138 114 88 141 142 104 4 6 90 116 72 74 76 1 2 3 12 13 22 23 27 28 29 35 39 70 71 72 73 74 76 85 86 87 88 93 94 98 99 100 104 105 106 111 112 113 117 121 122 123 128 131 132 136 137 153 188 189 229 234 241 260 262 353 362 363 365 375 394 399 411 413 421 449 456 489 491 499 505 526 527 543 554 562 564 573 574 575 580 581 582 583 585 588 591 594 598 601 615 625 631 633 637
2	149 125 51 17 65 133 135 137 113 91 81 83 126 123 134 136 138 114 150 124 52 92 82 84 18 66 7 25 54 57 62 65 81 82 83 84 89 92 94 104 110 111 112 113 116 117 121 122 123 128 135 138 377 378 379 402 403 486 495 500 502 523 526 527 533 534 535 536 540 541 546 549 550 555 556 560 566 573 574 575 580 581 582 583 585 588 591 594 599 602 617
2	119 125 35 59 61 63 151 113 152 107 109 111 45 49 129 46 50 130 127 128 129 103 1 130 127 108 110 112 114 120 104 2 126 36 128 60 62 64 1 27 35 39 43 45 46 48 59 60 61 66 67 68 94 95 96 97 98 99 101 102 103 104 109 115 117 119 120 126 128 129 136 137 231 270 271 273 279 281 285 317 318 319 320 321 322 324 331 332 335 338 406 407 408 416 417 418 419 425 426 429 435 438 441 442 448 459 460 461 464 465 466 467 472 473 475 477 479 491 496 498 565 567 616 633 634
2	153 105 123 51 89 129 115 15 69 19 52 90 35 53 135 137 113 133 36 54 51 89 16 70 20 106 121 124 52 134 136 138 114 154 122 90 130 116 6 8 24 26 35 39 51 54 57 58 69 75 86 88 93 94 100 104 105 106 110 111 112 113 114 116 120 121 122 123 127 129 139 140 164 165 171 208 210 215 259 263 264 293 294 295 301 306 308 310 312 313 316 341 368 400 411 450 453 455 490 497 501 504 507 508 509 521 541 546 550 553 556 558 560 573 574 575 580 581 582 583 585 588 591 594 596 600
2	119 53 151 9 113 152 107 109 111 129 130 151 152 21 49 108 110 112 114 22 50 145 120 54 146 10 5 9 15 32 45 48 51 58 94 95 96 97 101 102 103 104 109 120 126 129 136 137 161 184 256 293 296 406 407 408 416 417 418 419 425 426 429 435 459 460 461 464 465 466 467 472 473 475 477 485 496 618 633 634 639
2	1 89 115 90 53 113 107 109 111 125 2 87 88 126 1 123 51 108 110 112 114 54 89 2 124 52 90 116 1 27 51 54 57 58 85 86 87 88 93 94 95 96 97 101 102 103 104 106 110 116 117 128 148 150 152 228 229 230 231 293 308 313 389 392 393 398 400 406 407 408 416 417 418 419 425 426 429 435 459 460 461 464 465 466 467 472 473 475 477 479 487 495 560 614 617
2	87 3 5 7 143 79 49 45 113 133 135 137 80 31 47 46 21 93 121 94 23 139 134 136 138 88 1 114 122 2 4 6 8 144 140 22 24 48 50 32 1 2 3 4 9 10 13 23 27 28 29 30 32 33 43 44 45 46 47 48 77 80 85 87 90 91 94 104 111 112 113 114 121 122 123 125 127 130 133 134 147 151 155 156 182 234 235 239 240 245 254 255 256 257 258 272 274 276 282 283 286 381 382 393 411 412 413 420 421 422 423 479 480 497 526 527 534 546 558 574 575 581 585 588 591 594 596 600 605 606 607 608 609 610
2	87 123 159 37 77 41 38 42 37 41 113 133 135 137 38 42 78 49 160 47 139 48 50 37 41 88 1 38 42 37 41 134 138 136 114 38 42 140 151 152 2 124 1 27 36 38 40 42 44 45 47 48 78 79 85 87 94 104 110 111 112 113 116 121 122 123 125 130 136 137 230 261 266 267 268 277 280 286 288 289 290 393 411 412 413 420 421 422 423 484 526 527 534 546 573 574 575 580 583 585 589 594 634
2	87 3 135 137 113 117 133 139 134 136 138 118 114 103 140 47 49 48 50 104 88 4 2 28 44 45 47 48 85 87 94 98 99 104 107 108 111 112 113 121 122 123 125 130 275 277 280 281 286 381 390 394 411 444 517 541 544 546 550 556 573 574 575 580 581 582 583 585 588 591 594 597 605 606 607 608 609 610
2	149 105 1 123 89 131 79 49 21 22 50 113 49 150 2 133 135 137 153 87 80 106 88 121 1 91 132 81 50 65 122 105 124 134 136 138 154 114 149 150 106 2 90 92 82 66 1 9 27 32 45 48 62 65 77 80 81 83 85 86 87 88 89 92 94 100 104 105 110 111 112 113 114 116 118 121 122 123 124 127 135 138 139 140 150 152 183 184 256 278 281 282 389 393 397 401 402 403 411 449 453 455 457 458 479 492 500 503 507 521 526 527 534 539 546 554 573 574 575 580 581 582 583 585 588 591 594 599 602 613
2	119 117 35 53 13 15 69 19 71 73 75 113 133 135 137 83 118 16 70 84 20 121 3 134 136 138 114 120 122 4 36 54 14 72 74 76 2 6 8 21 24 26 28 31 35 39 51 58 69 70 71 72 73 74 75 76 82 84 94 104 107 108 109 111 112 113 114 121 122 123 126 127 164 165 171 178 203 204 205 208 210 211 215 216 218 219 259 264 291 311 341 348 349 350 352 353 354 356 357 358 359 360 362 363 365 368 371 374 375 380 411 412 413 420 421 422 423 480 483 496 497 512 525 526 527 534 545 546 557 558 573 574 575 580 581 582 583 585 588 591 594 596 600 611 612
2	149 105 125 5 89 9 27 57 79 33 113 133 135 137 90 65 126 53 91 80 123 31 81 66 124 3 58 29 54 7 30 28 73 21 23 49 139 74 27 57 134 136 138 140 114 58 28 27 150 106 4 6 8 10 92 82 22 24 50 28 32 34 2 3 4 5 9 10 12 13 14 15 18 19 22 23 28 29 30 32 33 34 45 48 51 53 56 58 62 65 70 76 77 80 81 83 86 88 89 92 94 100 104 105 110 111 112 113 116 117 121 122 123 125 128 130 135 138 156 182 184 190 191 192 193 194 195 196 197 198 199 200 206 234 235 239 240 242 244 253 254 256 257 258 287 297 298 299 309 400 402 403 411 412 413 420 421 422 423 453 456 500 522 526 527 534 546 552 559 562 568 573 574 575 576 580 581 582 583 585 588 589 591 592 594 597 605 617 620
2	119 121 35 53 13 37 41 71 67 75 38 42 49 113 107 109 111 50 21 49 22 122 50 36 72 68 76 51 15 69 19 37 41 27 57 38 42 21 49 22 52 35 21 36 51 22 50 108 110 112 114 120 52 54 14 16 70 20 28 58 6 8 9 18 19 21 24 26 31 32 35 36 38 39 40 42 45 48 51 53 54 56 57 58 63 64 69 71 72 73 74 75 94 95 96 97 101 102 103 104 109 114 126 127 164 165 171 183 184 196 201 208 210 215 256 259 261 263 266 267 268 278 281 282 291 305 306 307 310 311 312 316 325 328 341 351 353 355 358 361 362 364 368 406 407 408 416 417 418 419 425 426 429 435 459 460 461 464 465 466 467 472 473 475 477 482 486 487 496
2	89 133 113 135 137 90 53 87 54 88 136 138 1 134 114 2 1 27 51 58 85 86 87 88 94 104 111 112 113 121 122 123 147 151 154 292 315 389 393 400 404 412 413 423 479 523 526 527 529 534 539 546 552 553 554 571 573 585 587 588 591 594
2	121 123 113 107 109 111 51 122 17 143 110 108 112 114 124 52 144 18 7 25 54 57 94 95 96 97 101 102 103 104 110 114 116 127 133 134 406 407 408 416 417 418 419 425 426 429 435 460 461 467 472 473 475 477 486 495 502 560
2	119 35 53 9 151 152 113 133 135 137 83 91 117 81 84 59 97 63 118 141 121 36 5 142 134 136 138 114 60 98 64 15 83 19 120 122 6 54 10 92 82 16 84 20 3 5 6 8 15 24 26 29 35 39 51 58 59 61 66 68 81 82 83 84 89 92 94 104 107 108 109 111 112 113 114 121 122 123 126 127 131 132 136 137 161 164 166 175 192 193 194 208 211 219 242 259 262 293 296 310 318 332 376 380 402 403 411 412 413 420 421 422 423 488 519 526 527 534 540 544 546 549 555 558 573 574 575 580 581 582 583 585 588 591 594 611 612 625 633 634 635 636 637 638 640 641 642 643 644
2	153 35 89 115 113 107 109 111 90 53 108 110 112 114 154 36 54 116 35 39 51 58 86 88 93 94 95 96 97 101 102 103 104 106 139 140 260 264 400 406 407 408 416 417 418 419 425 426 429 435 459 460 461 464 465 466 467 472 473 475 477 483 487 493 501
2	149 89 27 57 90 53 113 133 135 137 54 21 49 23 47 3 91 81 65 4 123 66 124 139 31 134 136 138 140 114 150 92 82 22 24 48 50 28 58 32 2 9 10 13 18 19 23 28 32 33 44 45 47 48 51 53 56 58 62 65 81 83 86 88 89 92 94 104 110 111 112 113 116 121 122 123 125 130 135 138 182 184 185 196 197 199 201 253 254 255 256 257 258 286 287 293 294 295 298 299 392 400 401 402 403 411 412 413 420 421 422 423 500 522 526 527 534 538 546 548 553 573 574 575 576 580 581 582 583 585 588 589 591 592 594 597 599 602 605 606 607 608 609 610 620
2	143 15 69 43 19 73 67 1 71 75 2 87 113 133 135 137 44 72 76 55 71 75 121 68 56 31 17 83 32 136 139 134 138 114 88 1 122 2 144 140 16 70 84 18 20 72 74 76 1 6 7 8 13 23 24 25 26 27 49 50 52 55 63 64 69 70 71 72 73 74 75 76 82 84 85 87 94 104 111 112 113 114 121 122 123 125 127 130 133 134 147 164 165 171 207 208 210 211 212 214 215 216 217 218 219 220 229 325 327 341 347 348 353 354 357 358 359 360 362 363 365 367 368 371 372 374 375 377 378 379 380 390 393 411 412 413 420 421 422 423 478 479 489 497 526 527 534 546 573 575 583 585 587 588 591 594 596 600 605 607 609 619
2	105 87 125 13 159 59 61 55 63 27 57 33 133 137 113 135 160 139 140 51 49 88 126 65 1 123 50 37 41 58 28 66 34 2 141 124 3 42 151 49 134 136 138 114 38 50 152 106 142 4 52 14 60 62 56 64 1 2 14 18 19 21 27 28 31 34 36 38 40 42 45 48 52 53 54 55 56 57 59 60 61 62 65 66 67 68 85 87 94 100 104 105 110 111 112 113 116 117 121 122 123 125 128 130 131 132 136 137 152 190 191 195 196 198 200 230 232 246 247 248 249 250 251 252 261 268 287 288 289 290 297 298 299 302 303 304 317 318 319 320 329 330 331 332 333 334 335 336 337 338 339 385 387 391 393 398 412 452 456 484 485 492 504 523 526 527 529 536 556 559 567 573 574 575 580 581 582 583 585 588 591 594 614 617 631
2	103 87 125 5 115 15 69 17 19 113 133 135 137 18 55 6 51 126 3 88 1 104 56 52 134 136 138 114 2 4 116 16 70 20 1 2 3 6 7 8 24 25 26 27 28 29 52 54 55 57 69 75 85 87 93 94 98 99 104 106 111 112 113 117 121 122 123 128 154 157 163 164 165 167 168 169 170 171 173 176 178 179 180 181 208 210 215 233 236 238 340 341 343 344 345 368 382 384 391 393 411 412 413 420 421 422 423 439 447 479 480 493 526 527 534 546 562 563 571 573 574 575 580 581 582 583 585 588 591 594 614 615
2	123 133 113 135 137 149 150 153 124 125 139 117 45 49 35 126 123 118 46 103 21 36 5 22 140 6 51 134 136 138 114 47 48 50 154 104 124 52 3 9 29 32 35 39 43 44 45 46 47 48 54 57 94 98 99 104 107 108 110 111 112 113 116 117 121 122 123 125 128 130 135 138 139 140 183 262 270 277 283 286 412 413 423 485 501 517 523 526 527 529 534 546 560 561 573 574 575 580 581 582 583 585 588 591 594 617
2	119 105 3 5 7 113 133 135 137 106 121 47 21 49 4 23 48 141 134 136 138 85 3 114 120 122 142 4 6 8 22 24 86 50 2 3 4 9 10 28 29 30 32 33 44 45 47 48 94 100 104 105 109 111 112 113 114 121 122 123 126 127 131 132 155 156 182 184 234 235 239 240 254 256 257 258 274 275 280 409 411 412 413 420 421 422 423 480 496 497 499 507 526 527 534 543 546 574 575 581 585 588 591 594 611 622 623 624 626 627 628 629 631
2	87 51 53 9 15 69 17 19 71 73 75 105 106 113 117 52 133 135 137 35 118 103 36 88 1 104 54 2 141 134 136 138 114 142 10 16 70 18 20 72 74 76 1 5 6 7 8 15 24 25 26 27 35 39 51 54 57 58 69 70 71 72 73 74 75 76 85 87 94 98 99 100 104 105 107 108 111 112 113 121 122 123 131 132 147 149 158 159 160 162 163 164 165 168 170 171 173 176 207 208 210 212 214 215 217 220 232 264 306 314 315 340 341 344 348 349 350 352 353 356 358 362 363 365 367 368 372 375 383 384 386 393 395 405 411 412 420 438 440 441 443 447 454 499 504 506 517 525 526 527 534 542 545 546 557 573 574 575 580 581 582 583 585 588 591 594 598 601 622 623 624 626 627 628 629 630
2	143 59 61 55 63 27 57 33 113 107 109 111 108 110 112 114 144 60 62 56 64 28 58 34 14 18 19 34 52 53 55 56 59 60 61 66 67 68 94 95 96 97 101 102 103 104 133 134 190 195 196 197 198 200 201 202 297 298 302 303 317 318 319 320 324 330 331 332 333 334 335 336 337 338 339 406 407 408 416 417 418 419 425 426 429 435 459 460 461 464 465 466 467 472 473 475 477 488
2	125 5 53 15 69 43 19 133 135 137 113 54 126 3 44 134 136 138 114 4 6 16 70 20 2 3 6 8 24 26 28 29 49 50 51 58 69 75 94 104 111 112 113 117 121 122 123 128 157 164 165 171 178 179 180 208 210 215 233 234 236 238 314 341 368 480 523 526 527 533 534 535 536 538 541 546 548 550 553 556 562 563 573 574 575 580 581 582 583 585 588 591 594 615
2	121 35 59 61 63 87 113 107 109 111 53 60 62 64 15 69 19 131 122 132 36 54 143 51 89 88 1 108 110 112 114 2 52 90 144 16 70 20 1 6 8 24 26 27 35 39 51 54 57 58 59 60 61 66 67 68 69 75 85 86 87 88 94 95 96 97 101 102 103 104 114 118 124 127 133 134 151 164 165 171 208 210 215 228 263 264 301 305 308 313 317 318 319 320 321 322 324 331 332 335 338 341 368 390 393 404 406 407 408 416 417 418 419 425 426 429 435 459 460 461 464 465 466 467 472 473 475 477 479 486 490 570 603 612
2	119 87 35 161 13 113 133 135 137 121 88 1 36 122 3 5 162 105 143 144 106 121 2 141 134 136 138 114 120 122 142 4 6 14 1 2 3 21 27 28 29 31 35 39 85 87 94 100 104 105 109 111 112 113 114 121 122 123 126 127 131 132 133 134 141 142 155 232 234 262 385 390 393 411 412 413 420 421 422 423 454 480 496 497 499 503 507 509 526 527 534 546 558 573 574 575 580 581 582 583 585 588 591 594 596 598 600 601 611 613 622 623 624 626 627 628 629 631
2	105 125 51 151 9 31 152 113 133 135 137 106 117 91 118 103 65 81 104 105 66 134 136 138 114 106 126 52 10 92 82 32 5 13 15 23 54 57 62 65 81 83 89 92 94 98 99 100 104 105 107 108 111 112 113 117 121 122 123 128 136 137 161 188 189 192 193 194 401 402 403 409 411 412 413 420 421 422 423 440 445 447 450 456 458 486 492 498 504 505 506 514 517 526 527 534 540 543 544 546 549 555 557 564 566 569 573 574 575 580 581 582 583 585 586 588 591 594 595 633 634 635 636 637 638 640 641 642 643 644
2	103 123 5 13 15 69 19 71 73 67 75 104 113 117 133 137 53 135 118 103 6 104 124 125 141 126 123 70 16 20 59 61 63 124 3 134 136 138 114 142 4 54 14 60 62 64 72 74 68 76 2 3 6 8 21 24 26 28 29 31 51 58 59 60 61 63 64 66 67 68 69 70 71 72 73 74 75 76 94 98 99 104 107 108 110 111 112 113 116 117 121 122 123 128 131 132 157 164 165 171 203 204 205 208 209 213 221 222 223 224 225 226 227 246 247 248 249 250 251 252 295 311 317 318 319 320 325 326 328 331 332 335 338 341 347 348 349 350 351 352 353 355 356 358 359 360 361 362 363 364 365 368 369 370 373 375 404 411 413 421 440 446 448 480 482 487 499 512 517 525 526 527 542 545 552 557 559 561 573 574 575 580 581 582 583 585 588 591 594 598 601 617 631
2	87 125 89 151 15 69 19 79 88 1 152 113 129 133 135 137 2 87 80 31 130 151 91 65 90 81 103 104 117 126 32 3 88 141 4 125 152 129 134 136 138 114 70 118 142 126 130 92 82 16 20 66 1 2 6 8 13 23 24 26 27 28 62 65 69 75 77 80 81 83 85 86 87 88 89 92 94 98 99 104 107 108 111 112 113 117 120 121 122 123 128 129 131 132 136 137 164 165 171 208 229 237 341 384 388 391 393 394 399 401 402 403 411 412 413 415 420 421 422 423 440 446 448 494 498 499 526 527 534 539 546 554 563 568 569 573 574 575 580 581 582 583 585 588 591 594 598 601 615 618 621 635 636 637 639 640 641 642 643
2	153 103 87 151 95 155 59 63 47 49 157 48 50 37 77 41 152 133 135 137 113 88 7 38 78 42 1 47 49 21 96 91 23 156 81 158 65 66 154 139 104 31 134 136 138 114 140 60 64 48 2 8 92 82 22 24 50 32 1 4 9 10 13 23 27 30 32 33 36 38 40 42 44 45 47 48 59 61 62 65 66 68 78 79 81 83 85 87 89 92 94 98 99 104 111 112 113 121 122 123 125 130 136 137 139 140 182 244 254 256 257 258 261 266 268 274 275 277 278 280 281 286 288 289 290 318 323 332 387 402 403 439 447 488 523 526 527 533 534 535 536 541 546 550 556 573 574 575 576 580 581 582 583 585 588 589 591 592 594 597 605 606 608 635 636 637 638 643 644
2	87 95 155 37 41 71 73 67 75 53 113 133 135 137 96 91 54 7 156 81 123 76 124 134 17 3 136 138 72 68 114 25 88 4 8 92 82 18 38 42 26 74 2 4 7 11 17 25 28 30 36 38 40 42 51 58 63 64 70 71 72 73 74 76 81 83 85 87 89 92 94 104 110 111 112 113 116 121 122 123 235 244 261 266 293 294 295 309 325 326 347 348 349 350 351 352 353 355 356 358 359 360 361 394 402 403 411 412 413 420 421 422 423 480 481 489 522 526 527 534 538 540 546 548 549 553 555 559 574 575 581 585 588 591 594
2	153 117 1 125 51 53 143 115 55 21 47 49 27 29 23 113 133 135 137 24 2 118 87 105 144 59 61 63 30 52 73 35 143 106 103 28 71 75 88 1 104 144 103 134 136 138 114 22 48 50 72 76 154 104 2 126 36 54 116 60 62 56 64 74 1 9 10 12 18 19 22 27 32 33 35 39 44 45 47 48 51 52 54 55 57 58 59 60 61 66 67 68 70 71 72 73 74 76 85 87 93 94 98 99 100 104 105 106 107 108 111 112 113 117 121 122 123 128 133 134 139 140 148 153 154 184 197 229 231 255 256 264 275 282 286 302 306 317 318 319 320 330 331 332 333 334 335 336 337 338 339 353 362 387 393 411 412 413 420 421 422 423 441 442 443 447 448 451 485 505 512 515 518 526 527 534 545 546 554 557 566 573 574 575 580 581 582 583 585 588 591 594 616
2	119 105 87 7 13 15 69 17 19 113 133 135 137 8 53 88 1 106 121 54 16 70 18 20 59 61 55 63 47 2 141 49 21 23 85 122 48 139 136 138 134 140 103 142 114 1 120 104 2 14 60 62 56 64 22 24 86 50 1 4 6 7 8 9 10 21 24 25 26 27 30 31 32 33 44 45 47 48 51 52 55 58 59 60 61 66 67 68 69 75 85 87 94 98 99 100 104 105 109 111 112 113 114 121 122 123 125 126 127 130 131 132 147 149 163 164 165 167 168 169 170 171 173 176 178 179 180 181 182 203 204 205 207 208 209 210 212 213 214 215 217 220 221 222 223 224 225 226 227 232 243 246 247 248 249 250 251 252 254 256 257 258 274 275 278 302 310 312 316 317 318 319 320 323 330 331 332 333 334 335 336 337 338 339 340 341 343 344 345 367 368 369 370 372 373 384 385 393 395 411 412 413 420 421 422 423 438 441 452 478 479 491 496 507 526 527 534 546 552 573 576 587 588 589 592 597 598 605 606 607 610 620
2	105 87 9 15 69 17 19 37 39 163 41 31 113 133 135 137 91 38 42 88 21 49 1 92 81 40 23 18 65 43 47 44 134 136 138 164 48 85 114 24 106 2 10 82 16 70 20 22 86 50 66 32 1 5 6 7 8 9 10 13 15 23 24 25 26 27 32 33 36 37 38 40 41 42 44 45 47 48 49 50 62 65 69 75 81 83 85 87 89 92 94 100 104 105 111 112 113 121 122 123 158 159 160 162 163 164 165 168 170 171 173 176 184 185 188 189 192 208 210 215 256 261 266 267 268 340 341 344 368 383 384 393 411 412 413 420 421 422 423 452 479 492 503 526 527 534 540 546 549 555 574 575 581 588 594
2	103 87 89 59 61 63 37 41 71 73 75 113 88 107 109 111 141 104 90 127 35 103 125 128 60 64 62 142 87 108 110 112 114 38 42 104 88 126 36 72 74 76 35 36 38 39 40 42 59 60 61 66 67 68 70 71 72 73 74 76 85 86 87 88 94 95 96 97 98 99 101 102 103 104 115 117 119 128 131 132 261 266 317 318 319 320 331 332 348 349 350 352 353 354 356 357 358 362 363 365 375 387 388 398 399 406 407 408 416 417 418 419 425 426 429 435 439 442 444 448 459 460 461 464 465 466 467 472 473 475 477 484 489 491 616 632
2	117 141 47 27 33 29 93 94 113 133 135 137 30 48 77 29 45 78 30 46 28 27 118 121 142 87 83 28 34 71 75 88 134 136 138 139 141 114 72 76 122 142 140 84 12 14 18 19 22 34 43 44 46 47 71 72 73 74 78 79 82 84 85 87 90 91 94 104 107 108 111 112 113 114 121 122 123 125 127 130 131 132 190 195 200 271 353 362 411 412 413 420 421 422 423 497 499 519 526 527 534 546 574 575 581 585 588 591 594 619 632
2	105 1 159 97 17 47 45 49 46 113 18 133 135 137 27 48 50 55 28 71 67 75 106 117 2 87 98 83 72 68 76 25 31 33 160 134 136 138 139 56 118 105 114 106 26 32 34 117 88 1 118 2 140 84 1 7 11 13 14 17 18 19 23 25 27 34 43 44 45 46 47 48 52 55 63 64 71 72 73 74 82 84 85 87 94 100 104 105 107 108 111 112 113 121 122 123 125 130 147 187 206 229 270 271 272 273 275 276 279 282 286 287 325 327 328 351 353 355 361 362 364 366 393 411 412 413 420 421 422 423 449 454 492 503 506 514 518 526 527 534 546 574 575 581 588 619
2	119 105 87 125 51 53 13 21 113 52 133 135 137 35 22 36 51 21 22 21 52 106 121 136 134 138 114 22 120 122 88 126 54 14 9 21 31 32 35 39 51 54 57 58 85 87 94 100 104 105 109 111 112 113 114 117 121 122 123 126 127 128 183 263 291 293 300 306 311 385 386 391 395 398 405 411 412 413 420 421 422 423 450 452 456 489 496 497 507 509 510 526 527 534 546 558 566 573 575 583 585 587 588 591 594 596 600 611 612
2	105 1 123 89 59 61 55 63 21 31 124 22 123 113 107 109 111 124 125 60 62 56 64 45 90 17 53 69 51 54 127 46 89 37 41 52 35 90 38 42 53 70 45 49 101 46 50 37 41 54 89 108 110 112 114 38 42 36 51 52 35 36 106 2 126 90 128 102 18 32 1 7 9 13 23 25 27 32 35 36 38 39 40 42 43 45 46 48 51 52 54 55 57 58 59 60 61 66 67 68 69 75 86 88 94 95 96 97 100 101 102 103 104 105 110 115 116 117 119 128 150 152 183 188 231 259 261 263 265 266 268 270 271 273 279 281 285 288 289 290 292 300 301 302 306 308 313 317 318 319 320 330 331 332 333 334 335 336 337 338 339 400 406 407 408 416 417 418 419 425 426 429 435 449 451 453 455 459 460 461 464 465 466 467 472 473 475 477 483 484 503 521 561
2	117 141 123 5 53 129 69 47 67 93 94 135 113 133 137 68 31 124 142 3 118 48 121 71 54 7 32 83 139 72 122 134 136 138 140 114 4 6 8 130 70 84 2 3 4 13 23 28 29 30 44 47 51 58 63 64 69 71 73 75 82 84 90 91 94 104 107 108 110 111 112 113 114 116 120 121 122 123 125 127 129 130 131 132 234 235 236 239 240 309 326 327 371 377 411 413 421 480 481 512 519 527 541 546 559 573 574 575 576 580 581 582 583 585 588 589 591 592 594 597 605 606 608 620
2	125 51 53 151 59 61 63 152 107 111 113 109 52 35 108 110 112 114 36 51 145 1 2 126 52 54 146 60 62 64 1 27 35 39 51 54 57 58 59 60 61 66 67 68 94 95 96 97 101 102 103 104 117 128 136 137 147 149 228 231 263 296 306 307 317 318 319 320 324 331 332 335 338 405 407 424 425 426 459 460 461 464 465 466 467 472 473 475 477 478 483 566 567 569 634 635
2	87 7 165 15 69 17 19 27 57 33 113 8 133 135 137 53 121 54 16 70 18 20 88 59 61 63 1 45 47 49 46 21 93 2 141 48 94 122 139 23 85 103 131 134 136 138 166 145 147 140 79 114 86 80 104 142 132 146 148 60 62 64 22 24 50 28 58 34 1 4 6 7 8 9 10 14 18 19 24 25 26 27 30 32 33 34 43 44 45 46 47 48 51 53 56 58 59 60 61 66 67 68 69 75 77 80 85 87 90 91 94 98 99 104 111 112 113 114 118 121 122 123 124 125 127 130 131 132 163 164 165 168 170 171 173 176 177 178 190 191 195 196 197 198 200 201 202 207 208 210 212 214 215 217 220 221 222 223 224 225 226 227 232 243 253 254 256 257 258 269 270 271 273 274 275 276 278 279 283 287 292 297 298 299 303 310 312 316 317 318 319 320 323 331 332 335 338 340 341 344 367 368 369 372 373 384 393 411 412 413 420 421 422 423 491 499 526 527 534 538 546 548 552 553 574 575 581 588 597 620
2	121 1 71 75 113 133 135 137 2 53 87 122 88 103 141 83 134 136 138 114 139 72 76 25 33 35 26 34 104 142 36 54 140 84 1 11 14 17 27 34 35 39 51 58 71 72 73 74 82 84 85 87 94 98 99 104 111 112 113 114 121 122 123 125 127 130 131 132 186 229 264 353 354 357 358 359 360 362 366 377 378 389 399 411 412 413 420 421 422 423 442 443 526 527 534 539 546 552 554 573 574 575 580 581 582 583 585 588 591 594 619 622 623 624 626 627 628 629
2	149 105 87 5 7 9 159 17 133 113 106 135 137 103 18 91 88 81 1 8 53 54 7 160 104 139 134 136 138 114 103 150 104 2 6 8 10 92 82 140 1 3 4 5 7 15 25 27 29 30 51 58 81 83 85 87 89 92 94 98 99 100 104 105 111 112 113 121 122 123 125 130 135 138 148 149 161 192 193 194 240 242 243 244 245 292 309 382 383 393 402 403 409 412 413 423 440 441 447 452 479 491 500 505 523 526 527 529 534 540 542 546 549 555 573 574 575 580 581 582 583 585 588 591 594 599 602 605 606 607 608 609 610
2	153 105 115 59 61 63 113 107 109 111 106 103 108 110 112 114 154 104 116 60 62 64 59 60 61 66 67 68 93 94 95 96 97 98 99 100 101 102 103 104 105 106 139 140 317 318 319 320 321 322 324 331 332 335 338 406 407 408 409 416 417 418 419 425 426 429 435 451 459 460 461 464 465 466 467 472 473 475 477 488 491 493 501 505
2	119 105 15 69 19 113 133 135 137 151 106 103 16 70 20 59 61 63 104 105 152 129 134 136 138 106 114 117 130 151 120 118 152 60 62 64 6 8 24 26 59 60 61 66 67 68 69 75 94 98 99 100 104 105 107 108 109 111 112 113 120 121 122 123 126 129 136 137 164 165 167 169 171 178 179 180 181 208 209 210 213 215 221 222 223 224 225 226 227 317 318 319 320 331 332 335 338 341 343 345 368 369 370 373 411 412 413 420 421 422 423 445 447 458 496 505 506 514 526 527 534 542 543 546 573 574 575 580 581 582 583 585 586 588 591 594 595 618 634 639
2	149 3 5 47 48 133 135 137 113 65 91 4 31 43 81 123 7 32 124 44 3 55 8 53 67 54 68 7 79 134 136 138 114 150 4 6 8 92 82 56 66 80 2 3 4 13 23 28 29 30 44 47 49 50 51 52 55 58 62 63 64 65 77 80 81 83 89 92 94 104 110 111 112 113 116 121 122 123 135 138 155 234 235 239 240 242 243 244 277 292 309 314 402 403 480 481 500 522 523 526 527 533 534 535 536 540 541 546 549 550 555 556 559 573 574 575 580 581 582 583 585 588 591 594 599 602
2	123 51 89 143 133 135 137 113 144 52 131 35 132 121 90 124 53 125 54 89 36 136 51 134 138 114 122 126 52 90 35 39 51 54 57 58 86 88 94 104 110 111 112 113 114 116 117 118 121 122 123 124 127 128 133 134 263 292 301 306 308 313 315 400 405 414 486 490 497 498 521 523 526 527 533 534 535 536 541 546 550 556 561 568 570 573 575 583 585 587 588 591 594 596 600
2	105 3 7 101 113 133 135 137 4 125 141 126 123 8 127 149 57 128 134 136 138 114 102 150 106 142 124 58 2 4 28 30 53 56 94 100 104 105 110 111 112 113 115 116 117 119 121 122 123 128 131 132 135 138 156 237 411 412 413 420 421 422 423 492 499 500 508 526 527 534 546 573 574 575 580 581 582 583 585 588 591 594 595 599 602 617
2	153 121 125 71 73 75 107 109 111 113 53 122 105 131 54 126 51 123 132 108 110 112 114 154 106 124 52 72 74 76 51 54 57 58 70 71 72 73 74 76 94 95 96 97 100 101 102 103 104 105 110 114 116 117 118 124 127 128 139 140 292 348 352 353 356 358 362 363 365 375 404 414 424 425 426 429 434 435 450 457 459 460 461 464 465 466 467 472 473 475 477 486 492 495 501 502 504 508 560 612 613 617
2	119 121 9 57 113 131 133 135 137 132 122 117 118 127 128 134 136 138 114 120 10 58 5 15 53 56 94 104 107 108 109 111 112 113 114 115 118 119 121 122 123 124 126 127 161 298 299 411 412 413 414 420 421 422 423 496 514 526 527 534 544 546 557 570 573 574 575 580 581 582 583 585 588 591 594
2	1 53 73 113 133 135 137 2 87 103 3 5 54 71 75 89 90 134 136 138 114 72 76 104 88 4 6 74 1 2 3 27 28 29 51 58 70 71 72 73 74 76 85 86 87 88 94 98 99 104 111 112 113 121 122 123 148 155 229 234 293 294 295 313 349 353 362 381 382 392 394 411 412 413 420 421 422 423 444 489 491 526 527 534 539 542 546 554 573 574 575 580 581 582 583 585 588 591 594
2	105 1 35 43 31 125 57 113 133 135 137 89 47 49 44 55 45 36 90 56 53 46 48 17 50 106 54 58 2 29 87 134 136 138 114 30 88 1 2 126 18 32 1 7 12 13 22 23 25 27 35 39 43 44 45 46 47 48 49 50 51 52 53 55 56 58 85 86 87 88 94 100 104 105 111 112 113 117 121 122 123 128 147 153 188 189 229 231 265 275 284 285 286 298 299 393 398 400 411 412 413 420 421 422 423 449 478 479 489 503 526 527 534 546 573 574 575 580 581 582 583 585 588 591 594
2	141 3 55 67 113 107 109 111 35 36 25 51 26 71 72 127 68 4 31 123 103 142 53 108 110 112 114 27 28 104 124 52 54 128 56 32 2 11 13 17 18 19 23 28 35 39 51 52 54 55 57 58 63 64 71 73 94 95 96 97 98 99 101 102 103 104 110 115 116 119 131 132 186 263 307 326 327 361 406 407 408 416 417 418 419 425 426 429 435 443 459 460 461 464 465 466 467 472 473 475 477 491 495 560
2	105 125 5 89 17 71 67 75 113 133 135 137 72 68 76 31 33 18 43 90 53 6 25 54 26 32 34 134 136 138 114 44 106 126 3 7 11 13 14 17 23 25 29 34 49 50 51 58 63 64 71 72 73 74 86 88 94 100 104 105 111 112 113 117 121 122 123 128 186 187 206 292 314 325 326 327 328 351 353 354 355 357 358 359 360 361 362 364 366 400 411 412 413 420 421 422 423 453 456 492 498 526 527 534 546 562 568 573 574 575 580 581 582 583 585 586 588 591 594 595
2	121 123 59 61 63 53 113 133 135 137 122 51 54 143 89 134 136 138 114 124 52 90 144 60 62 64 51 54 57 58 59 60 61 66 67 68 86 88 94 104 110 111 112 113 114 116 121 122 123 127 133 134 293 294 295 301 308 313 314 315 317 318 319 320 321 322 324 331 332 335 338 411 412 413 420 421 422 423 486 490 495 502 526 527 534 538 546 548 553 560 573 574 575 580 581 582 583 585 588 591 594 612
2	35 13 15 69 19 113 107 109 111 57 65 21 49 66 103 151 22 50 37 41 108 110 112 114 152 38 42 104 36 14 16 70 20 58 6 8 9 21 24 26 31 32 35 36 38 39 40 42 45 48 53 56 62 65 69 75 94 95 96 97 98 99 101 102 103 104 136 137 164 165 167 169 171 178 184 203 204 205 208 210 215 256 261 266 288 289 290 341 343 345 368 406 407 408 416 417 418 419 425 426 429 435 442 459 460 461 464 465 466 467 472 473 475 477 484 491
2	105 141 51 115 59 61 63 47 73 23 113 107 109 111 52 106 35 60 62 64 117 15 74 29 3 36 51 4 127 118 105 24 93 106 117 142 108 110 112 94 87 114 39 88 141 40 93 142 118 52 128 116 16 94 48 30 2 6 10 12 22 24 28 33 35 37 39 41 44 47 54 57 59 60 61 66 67 68 70 76 85 87 90 91 93 94 95 96 97 100 101 102 103 104 105 106 107 108 115 119 131 132 263 305 306 317 318 319 320 324 331 332 335 338 349 389 399 405 406 407 408 416 417 418 419 425 426 429 435 450 451 454 459 460 464 472 473 475 477 489 506 518 625
2	119 103 151 143 9 99 57 45 144 46 113 21 107 109 111 100 69 15 104 22 123 108 110 112 114 152 129 124 125 126 130 151 120 152 10 16 70 58 5 6 9 15 24 32 43 46 53 56 69 75 94 95 96 97 98 99 101 102 103 104 109 110 116 117 120 126 128 129 133 134 136 137 210 271 272 283 298 406 407 408 416 417 418 419 425 426 429 435 459 460 461 464 465 466 467 472 473 475 477 495 561 569 618 634 639
2	149 89 115 59 61 63 71 73 75 90 133 113 53 135 137 54 150 89 136 138 134 114 90 116 60 62 64 72 74 76 51 58 59 60 61 66 67 68 70 71 72 73 74 76 86 88 93 94 104 106 111 112 113 121 122 123 135 138 292 295 313 315 317 318 319 320 331 332 335 338 348 349 350 352 353 356 358 359 362 363 365 375 400 404 412 413 423 488 490 493 523 526 527 529 534 538 546 548 553 573 585 587 588 591 594
2	53 143 9 15 69 19 27 57 33 133 113 135 137 144 121 28 58 34 54 71 75 139 83 141 17 134 136 138 114 142 122 10 140 16 70 84 18 20 72 76 5 6 7 8 14 15 18 19 24 25 26 34 51 53 56 58 69 71 72 73 74 75 82 84 94 104 111 112 113 114 121 122 123 125 127 130 131 132 133 134 158 159 160 162 164 165 171 177 179 190 191 195 196 197 198 200 201 202 207 208 210 211 212 214 215 216 217 218 219 220 297 298 299 303 341 353 362 367 368 371 372 374 377 378 379 380 412 413 423 497 499 523 526 527 529 534 546 573 574 575 580 581 582 583 585 588 591 594 596 598 600 601 605 619 622 623 624 626 627 628 629 630
2	105 115 59 61 55 63 27 31 33 49 113 123 107 109 111 50 124 125 28 32 108 110 112 34 126 114 131 106 132 116 60 62 56 64 13 14 18 19 23 34 45 48 52 55 59 60 61 66 67 68 93 94 95 96 97 100 101 102 103 104 105 106 110 116 117 118 124 128 187 188 190 195 197 199 206 282 287 302 317 318 319 320 323 330 331 332 333 334 335 336 337 338 339 406 407 408 416 417 418 419 425 426 429 435 451 459 460 464 472 473 475 477 492 493 561 570
2	149 103 87 151 9 15 69 43 19 113 44 133 137 55 135 104 152 129 103 91 81 83 104 105 106 103 88 141 70 84 61 16 104 20 93 105 134 59 63 142 136 138 114 94 23 24 150 106 130 10 92 82 60 62 56 64 5 6 8 10 15 24 26 33 49 50 52 55 59 60 61 66 67 68 69 75 81 82 83 84 85 87 89 90 91 92 94 98 99 100 104 105 111 112 113 120 121 122 123 129 131 132 135 136 137 138 158 159 160 162 164 165 167 169 171 178 179 181 192 193 194 208 221 302 318 330 331 332 333 334 335 336 337 338 339 341 343 345 370 371 380 383 384 399 402 403 411 413 421 439 440 444 445 447 451 454 458 500 505 526 527 542 574 585 588 591 594 639
2	121 151 13 15 69 17 19 152 113 133 135 137 129 21 16 70 18 20 59 61 63 22 130 151 122 105 152 129 130 151 152 106 103 134 136 138 114 104 14 60 62 64 6 7 8 9 21 24 25 26 31 32 59 60 61 66 67 68 69 75 94 98 99 100 104 105 111 112 113 114 120 121 122 123 127 129 136 137 163 164 165 168 170 171 173 176 178 179 180 181 203 204 205 207 208 209 210 212 213 214 215 217 220 221 222 223 224 225 226 227 246 247 248 249 250 251 252 317 318 319 320 331 332 335 338 340 341 343 344 345 367 368 369 370 372 373 411 412 413 415 420 421 422 423 482 488 491 505 509 510 526 527 534 546 573 574 575 580 581 582 583 585 588 591 594 613 618 634 635 636 637 638 639 640 641 642 643 644
2	105 89 9 15 69 19 113 107 109 111 106 31 57 127 105 128 106 117 90 53 108 112 110 143 114 51 118 52 54 144 10 16 70 20 58 32 5 6 8 13 15 23 24 26 51 53 54 56 57 58 69 75 86 88 94 95 96 97 100 101 102 103 104 105 107 108 115 119 133 134 158 159 160 161 162 164 165 167 169 171 178 208 210 215 300 305 307 310 312 316 341 343 345 368 400 406 407 408 409 416 417 418 419 425 426 429 435 453 454 459 460 461 465 467 473 477 486 487 494 506 512
2	1 35 89 59 61 63 67 113 2 133 135 137 87 36 3 90 53 71 75 88 54 47 49 134 136 138 21 23 114 24 68 76 48 4 60 62 64 22 50 72 1 2 9 10 27 28 32 33 35 39 44 45 47 48 51 58 59 60 61 63 64 66 67 68 71 72 73 74 85 86 87 88 94 104 111 112 113 121 122 123 150 182 229 256 260 265 275 278 292 314 315 317 318 319 320 321 322 324 326 328 331 332 335 338 353 381 386 395 400 411 412 413 420 421 422 423 526 527 534 539 546 554 574 575 581 585 588 591 594
2	27 151 152 129 113 133 135 137 53 28 71 75 51 103 54 89 52 104 35 139 134 136 138 114 36 90 130 140 72 76 18 19 35 39 51 54 57 58 71 72 73 74 86 88 94 98 99 104 111 112 113 120 121 122 123 125 129 130 136 137 197 265 300 301 306 313 353 362 404 411 412 413 420 421 422 423 440 447 483 490 526 527 534 546 552 573 574 575 580 581 582 583 585 588 591 594 605 606 607 608 609 610 633 634 635 636 637 639 640 641 642 643
2	5 53 151 159 17 27 57 33 21 23 47 49 24 23 152 113 129 133 135 137 54 130 89 151 90 7 152 18 59 63 3 64 1 19 160 48 139 60 77 134 136 138 20 31 140 15 19 114 32 16 20 78 2 4 6 8 22 24 50 28 58 34 1 2 3 4 6 7 8 9 10 13 14 18 19 23 24 25 26 27 28 29 30 32 33 34 44 45 47 48 51 53 56 58 59 61 66 68 78 79 86 88 94 104 111 112 113 120 121 122 123 125 129 130 136 137 164 182 184 185 195 196 198 200 201 202 208 234 235 239 240 253 254 256 257 258 275 282 287 296 297 303 313 318 392 411 412 413 415 420 421 422 423 526 527 534 538 546 548 553 574 575 581 588 589 592 597 605 606 608 618 620 634 635 636 637 639 640 641 642 643
2	117 35 89 13 71 73 67 75 113 133 135 137 118 105 106 121 136 138 134 90 114 122 36 14 72 74 68 76 21 31 35 39 63 64 70 71 72 73 74 76 86 88 94 100 104 105 107 108 111 112 113 114 121 122 123 127 260 325 326 328 347 348 349 350 351 352 353 354 355 356 357 358 359 360 361 362 363 364 365 375 410 411 412 413 420 421 422 423 454 482 483 497 507 509 510 513 518 519 525 526 527 534 543 545 546 557 558 573 585 587 588 591 594 596 600
2	149 117 51 151 9 15 69 19 27 57 31 33 152 133 137 113 135 118 91 65 81 141 32 79 80 142 1 79 134 136 138 114 80 31 66 150 2 52 10 92 82 16 70 20 28 58 32 34 1 5 6 8 13 14 15 18 19 23 24 26 27 34 53 54 56 57 62 65 69 75 77 80 81 83 89 92 94 104 107 108 111 112 113 121 122 123 131 132 135 136 137 138 154 158 159 160 162 164 165 171 177 187 189 190 191 192 193 194 195 196 198 199 200 201 202 206 208 210 215 228 297 299 303 305 341 368 401 402 403 410 412 500 523 525 526 527 529 536 540 545 555 556 557 573 574 575 580 581 582 583 585 588 591 594 625 635 636 637 638 641 643 644
2	87 5 115 71 73 67 75 113 107 109 111 76 72 125 108 110 112 114 74 68 88 126 6 116 3 29 63 64 70 71 72 73 74 76 85 87 93 94 95 96 97 101 102 103 104 106 117 128 325 326 347 348 349 350 351 352 353 354 355 356 357 358 382 398 406 407 408 416 417 418 419 425 426 429 435 459 460 461 464 465 466 467 472 473 475 477 489 498
3	1 123 35 127 31 2 124 53 87 125 73 74 73 74 54 88 126 1 123 57 2 124 36 128 58 32 1 13 23 27 35 39 51 53 56 58 70 76 85 87 110 115 116 117 119 128 147 152 229 230 391 393 398 522 561 614 617
3	141 125 51 131 15 69 19 126 3 132 143 25 144 131 26 132 142 4 52 16 70 20 2 6 8 11 17 24 26 28 54 57 69 75 117 118 124 128 131 132 133 134 164 165 171 186 208 210 215 233 236 238 305 341 368 563 566 570 603 615 621 630 631
3	149 87 125 35 115 133 109 167 113 53 131 105 150 151 132 54 161 89 106 117 162 36 131 51 126 152 88 118 1 105 132 134 168 52 90 110 114 106 2 116 1 27 35 39 51 54 57 58 85 86 87 88 93 94 96 100 102 104 105 106 107 108 111 117 118 121 124 128 135 136 137 138 141 142 143 144 154 263 296 308 313 391 393 396 397 404 414 434 436 437 458 473 479 492 493 503 506 511 516 518 520 523 524 528 530 531 532 537 565 570 572 577 604 614 645 646 647
3	117 87 88 113 118 1 125 105 2 114 87 131 88 1 132 143 106 2 126 144 1 27 85 87 94 100 104 105 107 108 117 118 124 128 133 134 147 151 153 229 231 389 390 393 397 410 452 457 478 489 503 514 518 570 603
3	121 141 123 161 91 81 43 124 162 107 169 113 142 135 122 87 3 89 105 4 131 88 5 141 3 132 90 161 142 53 127 108 136 170 106 114 117 118 105 162 131 54 89 106 132 117 161 90 118 4 6 128 162 92 82 44 2 3 28 29 49 50 51 58 81 83 85 86 87 88 89 92 94 95 100 101 104 105 107 108 110 112 114 115 116 118 119 122 124 127 131 132 141 142 145 146 234 242 313 381 388 397 399 400 402 403 412 424 427 428 433 453 457 461 462 463 468 469 470 471 494 506 514 516 518 539 570 585 586 590 593 604 613 632 645 648 649
3	125 35 151 131 9 152 129 113 107 135 169 132 161 126 1 123 36 51 108 136 170 114 2 124 52 130 162 10 1 5 15 27 35 39 54 57 94 95 101 104 110 112 116 117 118 120 122 124 128 129 136 137 141 142 145 146 152 161 228 230 263 406 412 427 428 431 461 462 463 468 469 470 471 479 486 495 502 547 560 565 569 585 590 593 604 614 616 617 634 635 637 639 641 649
3	87 125 35 151 143 107 135 169 113 152 88 129 1 105 144 161 2 141 36 51 162 27 57 65 33 131 126 3 89 106 130 117 52 151 142 5 132 4 161 125 31 90 152 7 118 105 6 127 162 136 108 170 114 143 106 126 8 128 144 28 58 66 32 34 1 2 3 4 13 14 18 19 23 27 28 29 30 34 35 39 53 54 56 57 62 65 85 86 87 88 94 95 100 101 104 105 107 108 112 115 117 118 119 120 122 124 128 129 131 132 133 134 136 137 141 142 145 146 147 195 196 198 199 200 201 202 206 232 237 263 297 303 304 329 391 393 396 415 424 427 428 430 431 432 433 461 463 471 481 492 498 504 506 518 541 547 551 564 565 569 585 590 593 604 615 618 631 639 648 649
3	119 117 123 89 129 161 71 73 157 67 75 141 124 125 142 133 109 167 113 87 90 53 118 121 72 74 158 68 76 15 69 83 17 19 27 57 65 31 33 130 127 120 122 149 117 54 7 128 5 32 18 162 8 131 126 53 150 3 6 88 118 141 105 4 132 134 110 168 143 114 106 142 54 144 16 70 84 20 28 58 66 34 2 3 4 6 7 8 13 14 18 19 23 24 25 26 28 29 30 34 51 53 56 58 62 63 64 65 69 70 71 72 73 74 75 76 82 84 85 86 87 88 94 96 100 102 104 105 107 108 109 110 111 114 115 116 117 118 119 120 121 124 126 127 128 129 131 132 133 134 135 138 141 142 143 144 163 164 165 166 168 170 171 172 173 174 175 176 187 195 196 198 200 201 202 208 210 211 215 216 218 219 243 297 303 304 309 310 312 316 325 328 329 340 341 342 344 346 347 348 351 352 353 355 356 361 362 363 364 365 368 371 374 375 376 380 386 394 396 399 400 404 410 434 436 437 458 473 474 476 487 492 499 513 518 519 520 521 523 524 528 530 531 532 537 561 572 573 577 578 579 584 603 611 612 615 621 622 625 630 645 646 647
3	103 87 89 131 47 71 75 104 107 135 169 113 117 90 53 132 48 161 118 105 162 131 106 72 76 136 170 139 25 108 54 88 51 7 114 26 52 8 132 140 4 11 17 30 44 47 51 54 57 58 71 72 73 74 85 86 87 88 94 95 98 99 100 101 104 105 107 108 112 118 122 124 125 130 141 142 145 146 245 300 309 353 362 388 400 404 424 427 428 430 431 432 433 439 454 457 481 486 510 512 518 541 544 547 551 590 604 645 648
3	5 89 71 75 113 133 109 167 153 129 6 141 90 125 35 53 142 134 110 168 126 72 76 25 31 33 130 151 54 114 26 27 28 154 36 152 32 34 3 11 13 14 17 18 19 23 29 34 35 39 51 58 71 72 73 74 86 88 94 96 102 104 111 117 120 121 128 129 131 132 136 137 139 140 143 144 187 199 206 241 259 353 354 357 358 359 360 362 366 400 407 411 436 474 501 524 528 531 565 572 577 579 618 621
3	119 51 129 67 75 47 49 21 52 53 109 167 113 35 93 133 22 94 39 117 48 77 40 125 21 68 76 31 33 78 23 47 25 131 32 36 26 130 15 69 17 19 48 126 24 3 127 27 35 29 54 4 7 22 30 128 28 34 36 151 134 110 168 18 114 43 8 50 132 120 118 152 16 70 44 20 2 4 6 7 8 9 10 11 12 13 14 17 18 19 22 23 24 25 26 28 30 32 33 34 35 37 39 41 44 45 47 48 49 50 51 54 57 58 63 64 69 72 74 75 78 79 90 91 94 96 102 104 107 108 109 111 115 117 118 119 120 121 124 126 128 129 136 137 143 144 163 164 165 168 170 171 173 176 185 186 187 200 208 210 215 253 255 274 275 278 293 309 325 327 328 340 341 344 366 368 411 434 436 437 473 474 476 481 485 515 564 572 573 577 578 579 584 615 646 647
3	149 103 129 9 59 61 55 63 150 45 49 104 133 113 105 109 167 131 60 62 56 64 46 15 83 17 19 50 69 27 57 65 31 33 35 130 151 132 152 18 129 161 32 67 106 162 117 36 131 51 118 130 52 151 16 70 84 20 35 59 61 63 89 132 28 58 66 34 152 71 75 36 90 51 134 110 168 114 52 10 60 62 64 72 68 76 5 6 7 8 13 14 15 18 19 23 24 25 26 34 35 39 43 45 46 48 52 53 54 55 56 57 59 60 61 62 63 64 65 66 67 68 69 71 72 73 74 75 82 84 86 88 94 96 98 99 100 102 104 105 107 108 111 118 120 121 124 129 135 136 137 138 141 142 143 144 163 164 166 168 175 176 187 195 196 198 200 201 202 208 210 211 215 216 218 219 221 222 223 224 225 226 227 260 263 265 270 272 282 297 300 302 303 304 305 317 318 319 320 323 328 329 330 331 332 333 334 335 336 337 338 339 353 361 362 364 368 369 371 373 374 376 380 407 414 436 445 457 473 474 476 486 488 506 511 514 516 523 524 528 531 572 573 577 578 579 584 604 618 634 639 645 647
3	141 35 15 69 19 31 33 113 133 109 167 32 34 142 117 87 131 16 70 20 118 45 47 49 121 46 122 132 117 48 143 118 50 105 151 106 117 152 89 134 110 168 144 131 114 118 88 36 90 132 6 8 13 14 23 24 26 34 35 39 43 44 45 46 47 48 69 75 85 86 87 88 94 96 100 102 104 105 107 108 111 114 118 121 124 127 131 132 133 134 136 137 143 144 164 165 171 177 178 179 181 187 188 189 190 191 206 208 210 215 265 269 270 271 273 275 276 279 284 286 341 343 345 368 397 407 411 436 454 473 474 476 483 489 490 494 506 509 513 514 516 518 519 520 524 528 531 572 577 579 603 630 632 634 647
3	105 1 51 53 161 21 49 47 107 113 135 169 22 48 50 54 37 41 89 106 162 117 2 131 125 132 161 52 35 90 53 162 131 118 105 149 42 49 106 38 136 108 170 114 132 54 143 89 50 37 41 38 42 45 49 150 126 36 90 144 46 50 1 9 27 32 35 36 38 39 40 42 43 44 45 46 47 48 51 54 57 58 86 88 94 95 100 101 104 105 107 108 112 117 118 122 124 128 133 134 135 138 141 142 145 146 148 184 255 256 259 261 265 266 267 268 270 282 285 286 288 289 290 306 308 313 400 412 424 427 428 431 449 450 454 461 463 471 487 503 506 510 511 515 516 518 547 565 570 585 590 593 603 604 616 645 649
3	119 3 5 151 161 15 69 19 37 41 33 133 167 113 152 129 109 38 42 27 6 141 4 125 142 28 34 87 16 70 20 47 49 162 130 127 134 168 110 143 48 50 88 126 123 114 47 49 48 50 120 124 128 144 2 3 6 8 14 18 19 24 26 28 29 34 36 38 40 42 44 45 47 48 69 75 85 87 94 96 102 104 109 110 111 115 116 117 119 120 121 126 128 129 131 132 133 134 136 137 141 142 143 144 155 157 164 165 171 177 179 190 191 200 208 210 215 237 261 266 275 277 280 281 286 341 368 398 407 415 485 523 528 537 572 577 617 621 625 630 632 639 646
3	153 125 129 161 162 133 109 167 113 103 35 143 87 154 104 119 121 122 103 144 104 130 105 151 36 89 106 51 117 152 129 90 53 49 130 151 52 54 89 134 110 168 118 88 114 103 1 45 46 50 120 104 2 126 90 152 1 27 35 39 43 45 46 48 51 54 57 58 85 86 87 88 94 96 98 99 100 102 104 105 107 108 109 111 114 117 120 121 126 127 128 129 133 134 136 137 139 140 141 142 143 144 231 263 271 285 296 307 313 314 393 400 434 436 437 438 439 440 441 442 445 448 453 454 473 474 476 478 506 512 517 523 524 528 530 531 532 537 572 577 579 618 639 646 647
3	153 117 87 3 53 9 81 27 57 65 33 143 144 107 135 169 113 131 4 118 88 125 105 141 54 7 28 58 66 34 154 106 136 170 149 117 108 114 5 6 118 35 103 132 143 150 104 142 126 36 8 144 10 82 2 3 4 5 14 15 18 19 28 29 30 34 35 39 51 53 56 58 62 65 81 83 85 87 94 95 98 99 100 101 104 105 107 108 112 117 118 122 124 128 131 132 133 134 135 138 139 140 145 146 192 195 196 198 200 201 202 237 241 244 297 303 304 309 329 381 383 386 395 396 399 410 414 424 427 428 430 431 432 433 440 442 448 461 494 506 510 512 517 518 520 541 547 551 590 603 616 648 649
3	119 105 87 123 51 89 161 47 90 53 107 135 169 113 106 48 117 124 37 88 125 1 54 89 151 38 162 45 49 2 126 131 120 87 3 33 152 46 129 27 4 52 50 125 5 37 41 31 118 90 130 132 103 6 143 28 34 32 38 42 108 136 170 49 114 50 104 88 126 144 1 2 3 13 14 18 19 23 27 28 29 34 36 38 40 42 43 44 45 46 47 48 51 54 57 58 85 86 87 88 94 95 98 99 100 101 104 105 107 108 109 110 112 116 117 118 120 122 124 126 128 129 133 134 136 137 141 142 145 146 149 150 199 200 229 231 237 261 266 267 268 270 281 288 289 290 293 295 301 313 381 388 392 393 395 398 400 409 424 427 428 430 431 432 433 444 448 450 452 453 455 461 462 463 468 469 470 471 485 489 491 498 506 508 515 517 520 521 541 543 547 551 561 562 564 568 569 585 590 593 603 615 639 648 649
3	105 1 123 161 107 135 169 113 106 2 162 124 131 51 89 108 136 170 114 52 90 132 1 27 54 57 86 88 94 95 100 101 104 105 110 112 116 118 122 124 141 142 145 146 152 230 301 308 409 424 427 428 430 431 432 433 449 455 461 462 463 468 469 470 471 486 490 503 508 511 541 543 547 551 585 590 593 645 648 649
3	35 53 161 107 135 169 113 129 27 57 65 33 162 131 15 69 83 19 141 105 142 3 36 149 106 5 31 117 4 125 54 17 7 6 35 130 132 127 161 8 28 58 66 32 34 150 53 119 118 121 16 70 84 18 20 128 122 136 170 54 108 114 126 123 120 124 36 162 2 3 4 6 7 8 13 14 18 19 23 24 25 26 28 29 30 34 35 39 51 53 56 58 62 65 69 75 82 84 94 95 100 101 104 105 107 108 109 110 112 114 115 116 117 118 119 120 122 124 126 127 128 129 131 132 135 138 141 142 145 146 155 164 165 166 171 172 174 175 195 196 198 199 200 201 202 206 207 208 210 211 212 214 215 216 217 218 219 220 237 241 259 262 295 297 303 304 309 329 341 342 346 367 368 371 372 374 376 379 380 415 424 427 428 430 431 432 433 461 495 496 498 506 515 519 522 541 547 551 585 590 593 604 612 616 617 625 645 648 649
3	153 125 51 131 13 113 107 135 169 52 35 27 33 154 149 49 21 47 29 31 105 48 132 77 150 161 119 30 22 78 28 71 106 32 34 103 1 108 136 170 67 75 126 114 123 36 47 120 104 2 124 162 14 48 50 72 68 76 1 9 12 13 14 18 19 21 22 23 27 31 32 34 35 39 44 45 47 48 54 57 63 64 71 72 73 74 78 79 94 95 98 99 100 101 104 105 109 110 112 116 117 118 122 124 126 128 135 138 139 140 141 142 145 146 195 199 200 206 230 253 277 278 286 306 325 328 361 362 364 405 406 412 427 428 431 438 441 462 463 469 483 496 505 547 566 590 604 616 617 649
3	117 87 131 15 69 83 19 77 41 31 33 118 132 105 161 133 109 167 113 34 71 75 32 168 88 1 134 127 106 2 16 70 78 42 103 162 110 84 20 47 49 131 114 132 48 50 143 72 76 25 33 26 34 104 128 144 1 6 8 11 13 14 17 23 24 26 27 34 38 42 44 45 47 48 69 71 72 73 74 75 78 79 82 84 85 87 94 96 98 99 100 102 104 105 107 108 111 115 118 119 121 124 133 134 141 142 143 144 147 154 164 165 166 171 172 174 175 177 186 187 210 275 280 286 341 342 346 353 362 366 376 380 384 393 434 436 437 485 503 516 518 520 523 524 528 530 531 532 537 570 571 603 604 646
3	105 151 131 49 21 107 135 169 113 152 129 149 106 22 117 45 46 50 150 119 132 161 118 1 162 131 130 136 170 108 114 123 120 2 124 132 1 9 27 32 43 45 46 48 94 95 100 101 104 105 107 108 109 110 112 116 118 120 122 124 126 129 135 136 137 138 141 142 145 146 230 256 271 278 285 409 415 424 427 428 430 431 432 433 457 461 479 495 496 506 522 541 547 551 585 590 593 604 639 645 648 649
3	149 87 125 161 13 27 29 31 33 49 21 129 133 109 167 113 162 47 30 103 131 93 73 32 67 104 132 48 117 161 74 29 150 153 130 162 127 131 15 69 17 19 94 22 28 30 7 50 34 71 75 128 129 8 5 53 18 126 3 54 7 68 76 31 33 88 4 132 141 8 72 134 110 168 118 114 32 34 103 53 31 33 27 28 32 34 154 104 142 6 54 130 14 16 70 20 2 3 4 6 7 8 9 12 13 14 18 19 21 22 23 24 25 26 28 29 30 31 32 34 44 45 47 48 51 58 63 64 69 70 71 72 73 74 75 76 85 87 90 91 94 96 98 99 102 104 107 108 111 115 117 118 119 120 121 124 128 129 131 132 135 138 139 140 141 142 143 144 156 163 164 165 168 170 171 173 176 187 191 195 199 200 206 208 210 215 235 243 253 256 278 292 309 310 311 312 316 327 328 340 341 344 347 353 366 368 385 391 394 397 399 434 436 437 443 446 473 474 476 517 523 524 528 530 531 532 537 572 573 577 578 579 584 604 615 622 645 646 647
3	149 105 87 35 89 127 9 133 109 167 113 150 90 153 53 128 151 106 117 88 1 143 118 105 54 152 36 89 129 51 123 144 90 161 53 52 106 103 130 162 124 151 131 134 110 168 114 2 154 104 54 152 132 10 1 5 15 27 35 39 51 54 57 58 85 86 87 88 94 96 98 99 100 102 104 105 107 108 110 111 115 116 118 119 120 121 124 129 133 134 135 136 137 138 139 140 141 142 143 144 149 161 260 263 296 313 383 388 393 396 400 404 434 436 437 443 452 453 473 474 476 479 487 491 501 505 506 508 511 514 518 523 524 528 530 531 532 537 571 572 573 577 578 579 584 618 639 645 646 647
3	119 117 89 129 143 47 45 49 90 144 53 133 109 167 113 46 48 50 51 37 41 130 42 52 54 134 110 168 118 35 114 1 38 37 41 38 42 120 2 36 1 27 35 36 38 39 40 42 43 44 45 46 47 48 51 54 57 58 86 88 94 96 102 104 107 108 109 111 120 121 126 129 133 134 143 144 261 266 270 275 284 285 286 288 289 290 293 294 307 314 400 434 436 437 473 474 476 478 484 513 523 524 528 530 531 532 537 572 577 579 646 647
3	153 141 3 5 15 69 83 19 133 109 167 113 6 129 35 53 161 4 105 125 16 70 84 20 59 61 63 142 1 106 162 121 131 154 2 119 87 130 122 127 103 132 54 7 128 36 126 5 123 134 110 168 114 120 104 88 124 6 8 60 62 64 1 2 3 4 6 8 24 26 27 28 29 30 35 39 51 58 59 60 61 66 67 68 69 75 82 84 85 87 94 96 98 99 100 102 104 105 109 110 111 114 115 116 117 118 119 120 121 124 126 127 128 129 131 132 139 140 141 142 143 144 155 157 164 165 166 171 172 174 175 178 179 208 209 210 211 213 215 216 218 219 221 222 223 224 225 226 227 229 233 236 237 238 240 241 259 262 309 317 318 319 320 331 332 335 338 341 342 346 368 369 370 371 373 374 376 380 404 415 434 436 437 444 456 473 474 476 489 491 495 496 507 511 523 524 528 530 531 532 537 572 573 577 578 579 584 612 617 645 646 647
3	141 125 15 69 19 126 123 142 124 16 70 20 6 8 24 26 69 75 110 116 117 128 131 132 164 165 171 208 210 215 341 368 522 563 617 621 630
3	87 125 127 59 61 63 113 109 167 7 139 5 60 62 64 15 69 17 19 126 83 3 117 133 18 140 45 47 128 88 129 141 46 8 110 134 168 85 114 118 6 142 4 130 16 70 84 20 86 48 2 3 4 6 7 8 24 25 26 28 29 30 43 44 46 47 59 60 61 66 67 68 69 75 82 84 85 87 94 96 102 104 107 108 111 115 117 119 120 121 125 128 129 130 131 132 143 144 157 163 164 165 168 170 171 173 176 208 210 211 215 216 218 219 233 236 238 269 317 318 319 320 321 322 324 331 332 335 338 340 341 342 344 368 371 374 380 387 391 399 407 436 473 474 476 480 494 499 567 573 577 584 615 622 630 631 647
3	119 1 125 151 37 38 2 117 87 107 113 126 135 169 123 53 124 54 152 89 108 136 170 114 120 118 88 90 1 27 36 40 51 58 85 86 87 88 94 95 101 104 107 108 109 110 112 116 117 122 126 128 136 137 145 146 153 229 292 313 315 390 412 424 427 428 431 461 462 463 468 469 470 471 489 490 494 496 522 547 569 585 590 593 617 649
3	105 1 53 13 107 135 169 113 161 106 51 162 54 89 108 136 170 114 143 2 52 90 144 14 1 21 27 31 51 54 57 58 86 88 94 95 100 101 104 105 112 122 133 134 141 142 145 146 148 228 291 295 301 308 313 315 409 424 427 428 430 431 432 433 449 461 462 463 468 469 470 471 479 486 490 511 541 543 547 551 585 590 593 648 649
3	87 3 5 7 161 115 15 69 83 19 33 151 71 162 113 34 8 131 133 109 167 75 88 53 141 152 132 6 129 4 161 51 105 16 70 84 20 59 61 97 63 142 162 52 143 106 35 121 1 110 168 134 114 130 151 2 87 88 122 36 54 152 144 116 60 62 98 64 72 76 1 2 3 4 6 8 14 24 26 27 28 29 30 34 35 39 51 54 57 58 59 60 61 66 67 68 69 71 72 73 74 75 82 84 85 87 93 94 96 100 102 104 105 106 111 114 118 120 121 124 127 129 131 132 133 134 136 137 141 142 143 144 151 154 155 156 157 164 165 166 171 172 174 175 177 190 208 209 210 211 213 215 216 218 219 221 222 223 224 225 226 227 229 233 264 306 317 318 319 320 331 332 335 338 341 342 346 354 362 368 369 370 371 373 374 376 380 381 382 389 395 397 399 411 414 436 473 474 476 479 507 524 528 531 558 571 573 604 612 618 633 639 645 647
3	105 5 89 129 13 91 81 15 69 83 43 19 27 31 33 90 113 28 25 44 114 26 87 27 88 1 123 130 151 28 25 26 106 2 124 6 152 14 92 82 16 70 84 20 32 34 1 3 6 8 11 13 14 17 18 19 21 23 24 26 27 29 31 34 49 50 69 75 81 82 83 84 85 86 87 88 89 92 94 100 104 105 110 116 120 129 136 137 152 164 165 166 171 172 174 175 177 186 187 188 190 195 197 203 204 205 206 208 210 211 215 216 218 219 230 242 341 342 346 368 371 374 376 380 389 393 402 403 453 489 503 508 618
3	119 121 113 133 109 167 120 122 149 134 168 110 114 150 94 96 102 104 109 111 114 121 126 127 135 138 143 144 407 411 436 473 500 524 528 531 572 573 577 578 584 611 647
3	153 105 154 149 106 107 135 169 113 117 118 105 150 119 106 117 131 49 47 48 50 118 105 106 117 118 132 121 120 122 108 136 170 114 44 45 47 48 94 95 100 101 104 105 107 108 109 112 114 118 122 124 126 127 135 138 139 140 145 146 277 280 281 286 410 424 427 428 430 431 432 433 454 461 462 463 468 469 470 471 506 507 514 516 518 519 520 541 544 545 547 551 585 590 593 611 648 649
3	103 151 131 171 173 175 177 9 152 172 174 176 178 129 107 135 169 113 104 105 132 161 51 106 162 117 136 170 89 108 114 143 118 52 90 130 144 10 5 15 54 57 86 88 94 95 98 99 100 101 104 105 107 108 112 118 120 122 124 129 133 134 136 137 141 142 145 146 308 424 427 428 430 431 432 433 445 450 454 461 486 490 494 506 510 511 513 541 547 551 585 590 593 604 648 649
3	105 123 35 151 131 152 133 109 167 113 124 127 106 125 117 128 129 31 132 36 33 5 27 118 134 110 168 105 126 114 123 1 57 130 151 37 77 41 38 78 42 58 32 106 2 124 6 152 28 34 1 3 13 14 18 19 23 27 29 34 35 36 38 39 40 42 53 56 78 79 94 96 100 102 104 105 107 108 110 111 115 116 117 118 119 120 121 124 128 129 136 137 143 144 187 200 230 261 262 266 409 434 436 437 449 455 457 473 474 476 478 503 506 508 518 523 524 528 530 531 532 537 561 564 572 577 579 614 617 618 634 635 636 646 647
3	119 121 141 125 51 129 15 69 83 19 71 67 75 37 41 107 113 52 35 139 17 38 42 49 126 3 122 105 50 72 76 65 33 142 49 27 87 70 169 16 61 106 135 84 18 20 117 36 131 140 59 97 63 5 28 4 125 68 88 7 31 130 6 127 50 108 136 170 114 126 3 66 32 34 120 118 4 8 128 132 60 62 98 64 2 3 4 6 7 8 13 14 18 19 23 24 25 26 28 29 30 34 35 36 38 39 40 42 45 48 54 57 59 60 61 62 63 64 65 66 67 68 69 71 72 73 74 75 82 84 85 87 94 95 100 101 104 105 107 108 109 112 114 115 117 118 119 120 122 124 125 126 127 128 129 130 131 132 145 146 164 165 166 171 172 174 175 206 211 220 235 237 261 266 267 268 306 318 325 327 329 331 332 335 338 341 342 346 351 353 355 358 362 366 370 376 379 380 405 424 461 462 463 468 469 470 471 498 516 520 544 563 564 566 585 590 593 613 615 621 632 649
3	123 89 15 69 83 19 49 45 124 46 50 90 53 87 3 49 45 46 50 88 1 54 89 2 4 90 16 70 84 20 1 2 6 8 24 26 27 28 43 45 46 48 51 58 69 75 82 84 85 86 87 88 110 116 147 149 150 164 165 166 171 172 174 175 208 210 211 215 216 218 219 233 236 238 271 279 281 285 313 341 342 346 368 371 374 376 380 381 392 393 395 400 521
3	87 125 53 59 61 63 65 31 33 27 57 133 113 109 167 117 54 7 32 127 131 118 88 105 141 128 132 161 134 110 168 142 114 28 58 66 34 126 3 106 4 8 162 60 62 64 2 4 13 14 18 19 23 28 30 34 51 53 56 58 59 60 61 62 65 66 67 68 85 87 94 96 100 102 104 105 107 108 111 115 117 118 119 121 124 128 131 132 141 142 143 144 187 189 190 191 196 197 200 201 202 235 298 299 303 304 309 317 318 319 320 329 331 332 335 338 386 387 391 396 397 399 407 436 473 474 476 511 518 523 524 528 531 567 572 573 577 578 579 584 604 615 622 647
3	117 125 89 143 13 15 69 17 19 144 126 90 18 3 53 33 34 54 118 4 14 16 70 20 2 6 7 8 14 21 24 25 26 28 31 34 51 58 69 75 86 88 107 108 117 128 133 134 163 164 165 168 170 171 173 176 203 204 205 208 210 215 233 236 238 292 310 311 340 341 344 368 400 513 515 563 568 615
3	105 125 35 115 59 61 63 49 53 45 107 135 169 113 46 106 37 121 143 50 41 122 144 161 105 149 106 141 162 60 64 117 131 19 62 126 15 69 3 142 36 87 5 150 119 17 4 27 33 125 38 42 6 127 21 49 35 28 25 128 108 136 170 47 171 173 175 114 118 132 177 103 129 143 26 27 93 28 34 94 120 104 88 126 36 54 130 144 172 174 176 178 116 16 70 18 20 22 48 50 2 3 6 7 8 9 11 14 17 18 19 24 25 26 28 29 32 34 35 36 38 39 40 42 43 44 45 46 47 48 51 58 59 60 61 66 67 68 69 75 85 87 90 91 93 94 95 98 99 100 101 104 105 106 107 108 109 112 114 115 117 118 119 120 122 124 126 127 128 129 131 132 133 134 135 138 141 142 145 146 155 165 184 195 200 207 208 210 212 214 215 217 220 237 241 255 256 261 262 264 266 268 272 286 289 295 317 318 319 320 323 332 367 368 372 382 395 398 409 424 427 428 430 431 432 433 442 443 444 448 451 454 456 462 463 469 494 507 511 516 517 520 541 543 547 551 565 567 590 603 613 615 616 632 645 648
